  31.00000         1  1.000000  TR           1/1/2014
1.0000e-01       500 1.300e+00 1.000e+02
  28.00000         1  1.000000  TR           2/1/2014
1.0000e-01       500 1.300e+00 1.000e+02
  31.00000         1  1.000000  TR           3/1/2014
1.0000e-01       500 1.300e+00 1.000e+02
  30.00000         1  1.000000  TR           4/1/2014
1.0000e-01       500 1.300e+00 1.000e+02
  31.00000         1  1.000000  TR           5/1/2014
1.0000e-01       500 1.300e+00 1.000e+02
  30.00000         1  1.000000  TR           6/1/2014
1.0000e-01       500 1.300e+00 1.000e+02
  31.00000         1  1.000000  TR           7/1/2014
1.0000e-01       500 1.300e+00 1.000e+02
  31.00000         1  1.000000  TR           8/1/2014
1.0000e-01       500 1.300e+00 1.000e+02
  30.00000         1  1.000000  TR           9/1/2014
1.0000e-01       500 1.300e+00 1.000e+02
  31.00000         1  1.000000  TR           10/1/2014
1.0000e-01       500 1.300e+00 1.000e+02
  30.00000         1  1.000000  TR           11/1/2014
1.0000e-01       500 1.300e+00 1.000e+02
  31.00000         1  1.000000  TR           12/1/2014
1.0000e-01       500 1.300e+00 1.000e+02
  31.00000         1  1.000000  TR           1/1/2015
1.0000e-01       500 1.300e+00 1.000e+02
  28.00000         1  1.000000  TR           2/1/2015
1.0000e-01       500 1.300e+00 1.000e+02
  31.00000         1  1.000000  TR           3/1/2015
1.0000e-01       500 1.300e+00 1.000e+02
  30.00000         1  1.000000  TR           4/1/2015
1.0000e-01       500 1.300e+00 1.000e+02
  31.00000         1  1.000000  TR           5/1/2015
1.0000e-01       500 1.300e+00 1.000e+02
  30.00000         1  1.000000  TR           6/1/2015
1.0000e-01       500 1.300e+00 1.000e+02
  31.00000         1  1.000000  TR           7/1/2015
1.0000e-01       500 1.300e+00 1.000e+02
  31.00000         1  1.000000  TR           8/1/2015
1.0000e-01       500 1.300e+00 1.000e+02
  30.00000         1  1.000000  TR           9/1/2015
1.0000e-01       500 1.300e+00 1.000e+02
  31.00000         1  1.000000  TR           10/1/2015
1.0000e-01       500 1.300e+00 1.000e+02
  30.00000         1  1.000000  TR           11/1/2015
1.0000e-01       500 1.300e+00 1.000e+02
  31.00000         1  1.000000  TR           12/1/2015
1.0000e-01       500 1.300e+00 1.000e+02
  31.00000         1  1.000000  TR           1/1/2016
1.0000e-01       500 1.300e+00 1.000e+02
  29.00000         1  1.000000  TR           2/1/2016
1.0000e-01       500 1.300e+00 1.000e+02
  31.00000         1  1.000000  TR           3/1/2016
1.0000e-01       500 1.300e+00 1.000e+02
  30.00000         1  1.000000  TR           4/1/2016
1.0000e-01       500 1.300e+00 1.000e+02
  31.00000         1  1.000000  TR           5/1/2016
1.0000e-01       500 1.300e+00 1.000e+02
  30.00000         1  1.000000  TR           6/1/2016
1.0000e-01       500 1.300e+00 1.000e+02
  31.00000         1  1.000000  TR           7/1/2016
1.0000e-01       500 1.300e+00 1.000e+02
  31.00000         1  1.000000  TR           8/1/2016
1.0000e-01       500 1.300e+00 1.000e+02
  30.00000         1  1.000000  TR           9/1/2016
1.0000e-01       500 1.300e+00 1.000e+02
  31.00000         1  1.000000  TR           10/1/2016
1.0000e-01       500 1.300e+00 1.000e+02
  30.00000         1  1.000000  TR           11/1/2016
1.0000e-01       500 1.300e+00 1.000e+02
  31.00000         1  1.000000  TR           12/1/2016
1.0000e-01       500 1.300e+00 1.000e+02
  31.00000         1  1.000000  TR           1/1/2017
1.0000e-01       500 1.300e+00 1.000e+02
  28.00000         1  1.000000  TR           2/1/2017
1.0000e-01       500 1.300e+00 1.000e+02
  31.00000         1  1.000000  TR           3/1/2017
1.0000e-01       500 1.300e+00 1.000e+02
  30.00000         1  1.000000  TR           4/1/2017
1.0000e-01       500 1.300e+00 1.000e+02
  31.00000         1  1.000000  TR           5/1/2017
1.0000e-01       500 1.300e+00 1.000e+02
  30.00000         1  1.000000  TR           6/1/2017
1.0000e-01       500 1.300e+00 1.000e+02
  31.00000         1  1.000000  TR           7/1/2017
1.0000e-01       500 1.300e+00 1.000e+02
  31.00000         1  1.000000  TR           8/1/2017
1.0000e-01       500 1.300e+00 1.000e+02
  30.00000         1  1.000000  TR           9/1/2017
1.0000e-01       500 1.300e+00 1.000e+02
  31.00000         1  1.000000  TR           10/1/2017
1.0000e-01       500 1.300e+00 1.000e+02
  30.00000         1  1.000000  TR           11/1/2017
1.0000e-01       500 1.300e+00 1.000e+02
  31.00000         1  1.000000  TR           12/1/2017
1.0000e-01       500 1.300e+00 1.000e+02
  31.00000         1  1.000000  TR           1/1/2018
1.0000e-01       500 1.300e+00 1.000e+02
  28.00000         1  1.000000  TR           2/1/2018
1.0000e-01       500 1.300e+00 1.000e+02
  31.00000         1  1.000000  TR           3/1/2018
1.0000e-01       500 1.300e+00 1.000e+02
  30.00000         1  1.000000  TR           4/1/2018
1.0000e-01       500 1.300e+00 1.000e+02
  31.00000         1  1.000000  TR           5/1/2018
1.0000e-01       500 1.300e+00 1.000e+02
  30.00000         1  1.000000  TR           6/1/2018
1.0000e-01       500 1.300e+00 1.000e+02
  31.00000         1  1.000000  TR           7/1/2018
1.0000e-01       500 1.300e+00 1.000e+02
  31.00000         1  1.000000  TR           8/1/2018
1.0000e-01       500 1.300e+00 1.000e+02
  30.00000         1  1.000000  TR           9/1/2018
1.0000e-01       500 1.300e+00 1.000e+02
  31.00000         1  1.000000  TR           10/1/2018
1.0000e-01       500 1.300e+00 1.000e+02
  30.00000         1  1.000000  TR           11/1/2018
1.0000e-01       500 1.300e+00 1.000e+02
  31.00000         1  1.000000  TR           12/1/2018
1.0000e-01       500 1.300e+00 1.000e+02
  31.00000         1  1.000000  TR           1/1/2019
1.0000e-01       500 1.300e+00 1.000e+02
  28.00000         1  1.000000  TR           2/1/2019
1.0000e-01       500 1.300e+00 1.000e+02
  31.00000         1  1.000000  TR           3/1/2019
1.0000e-01       500 1.300e+00 1.000e+02
  30.00000         1  1.000000  TR           4/1/2019
1.0000e-01       500 1.300e+00 1.000e+02
  31.00000         1  1.000000  TR           5/1/2019
1.0000e-01       500 1.300e+00 1.000e+02
  30.00000         1  1.000000  TR           6/1/2019
1.0000e-01       500 1.300e+00 1.000e+02
  31.00000         1  1.000000  TR           7/1/2019
1.0000e-01       500 1.300e+00 1.000e+02
  31.00000         1  1.000000  TR           8/1/2019
1.0000e-01       500 1.300e+00 1.000e+02
  30.00000         1  1.000000  TR           9/1/2019
1.0000e-01       500 1.300e+00 1.000e+02
  31.00000         1  1.000000  TR           10/1/2019
1.0000e-01       500 1.300e+00 1.000e+02
  30.00000         1  1.000000  TR           11/1/2019
1.0000e-01       500 1.300e+00 1.000e+02
  31.00000         1  1.000000  TR           12/1/2019
1.0000e-01       500 1.300e+00 1.000e+02
  31.00000         1  1.000000  TR           1/1/2020
1.0000e-01       500 1.300e+00 1.000e+02
  29.00000         1  1.000000  TR           2/1/2020
1.0000e-01       500 1.300e+00 1.000e+02
  31.00000         1  1.000000  TR           3/1/2020
1.0000e-01       500 1.300e+00 1.000e+02
  30.00000         1  1.000000  TR           4/1/2020
1.0000e-01       500 1.300e+00 1.000e+02
  31.00000         1  1.000000  TR           5/1/2020
1.0000e-01       500 1.300e+00 1.000e+02
  30.00000         1  1.000000  TR           6/1/2020
1.0000e-01       500 1.300e+00 1.000e+02
  31.00000         1  1.000000  TR           7/1/2020
1.0000e-01       500 1.300e+00 1.000e+02
  31.00000         1  1.000000  TR           8/1/2020
1.0000e-01       500 1.300e+00 1.000e+02
  30.00000         1  1.000000  TR           9/1/2020
1.0000e-01       500 1.300e+00 1.000e+02
  31.00000         1  1.000000  TR           10/1/2020
1.0000e-01       500 1.300e+00 1.000e+02
  30.00000         1  1.000000  TR           11/1/2020
1.0000e-01       500 1.300e+00 1.000e+02
  31.00000         1  1.000000  TR           12/1/2020
1.0000e-01       500 1.300e+00 1.000e+02
  31.00000         1  1.000000  TR           1/1/2021
1.0000e-01       500 1.300e+00 1.000e+02
  28.00000         1  1.000000  TR           2/1/2021
1.0000e-01       500 1.300e+00 1.000e+02
  31.00000         1  1.000000  TR           3/1/2021
1.0000e-01       500 1.300e+00 1.000e+02
  30.00000         1  1.000000  TR           4/1/2021
1.0000e-01       500 1.300e+00 1.000e+02
  31.00000         1  1.000000  TR           5/1/2021
1.0000e-01       500 1.300e+00 1.000e+02
  30.00000         1  1.000000  TR           6/1/2021
1.0000e-01       500 1.300e+00 1.000e+02
  31.00000         1  1.000000  TR           7/1/2021
1.0000e-01       500 1.300e+00 1.000e+02
  31.00000         1  1.000000  TR           8/1/2021
1.0000e-01       500 1.300e+00 1.000e+02
  30.00000         1  1.000000  TR           9/1/2021
1.0000e-01       500 1.300e+00 1.000e+02
  31.00000         1  1.000000  TR           10/1/2021
1.0000e-01       500 1.300e+00 1.000e+02
  30.00000         1  1.000000  TR           11/1/2021
1.0000e-01       500 1.300e+00 1.000e+02
  31.00000         1  1.000000  TR           12/1/2021
1.0000e-01       500 1.300e+00 1.000e+02
  31.00000         1  1.000000  TR           1/1/2022
1.0000e-01       500 1.300e+00 1.000e+02
  28.00000         1  1.000000  TR           2/1/2022
1.0000e-01       500 1.300e+00 1.000e+02
  31.00000         1  1.000000  TR           3/1/2022
1.0000e-01       500 1.300e+00 1.000e+02
  30.00000         1  1.000000  TR           4/1/2022
1.0000e-01       500 1.300e+00 1.000e+02
  31.00000         1  1.000000  TR           5/1/2022
1.0000e-01       500 1.300e+00 1.000e+02
  30.00000         1  1.000000  TR           6/1/2022
1.0000e-01       500 1.300e+00 1.000e+02
  31.00000         1  1.000000  TR           7/1/2022
1.0000e-01       500 1.300e+00 1.000e+02
  31.00000         1  1.000000  TR           8/1/2022
1.0000e-01       500 1.300e+00 1.000e+02
  30.00000         1  1.000000  TR           9/1/2022
1.0000e-01       500 1.300e+00 1.000e+02
  31.00000         1  1.000000  TR           10/1/2022
1.0000e-01       500 1.300e+00 1.000e+02
  30.00000         1  1.000000  TR           11/1/2022
1.0000e-01       500 1.300e+00 1.000e+02
  31.00000         1  1.000000  TR           12/1/2022
1.0000e-01       500 1.300e+00 1.000e+02
  31.00000         1  1.000000  TR           1/1/2023
1.0000e-01       500 1.300e+00 1.000e+02
  28.00000         1  1.000000  TR           2/1/2023
1.0000e-01       500 1.300e+00 1.000e+02
  31.00000         1  1.000000  TR           3/1/2023
1.0000e-01       500 1.300e+00 1.000e+02
  30.00000         1  1.000000  TR           4/1/2023
1.0000e-01       500 1.300e+00 1.000e+02
  31.00000         1  1.000000  TR           5/1/2023
1.0000e-01       500 1.300e+00 1.000e+02
  30.00000         1  1.000000  TR           6/1/2023
1.0000e-01       500 1.300e+00 1.000e+02
  31.00000         1  1.000000  TR           7/1/2023
1.0000e-01       500 1.300e+00 1.000e+02
  31.00000         1  1.000000  TR           8/1/2023
1.0000e-01       500 1.300e+00 1.000e+02
  30.00000         1  1.000000  TR           9/1/2023
1.0000e-01       500 1.300e+00 1.000e+02
  31.00000         1  1.000000  TR           10/1/2023
1.0000e-01       500 1.300e+00 1.000e+02
