  31.000000  1  1.000000  SS
  28.000000  1  1.000000  TR
  31.000000  1  1.000000  TR
  30.000000  1  1.000000  TR
  31.000000  1  1.000000  TR
  30.000000  1  1.000000  TR
  31.000000  1  1.000000  TR
  31.000000  1  1.000000  TR
  30.000000  1  1.000000  TR
  31.000000  1  1.000000  TR
  30.000000  1  1.000000  TR
  31.000000  1  1.000000  TR
  31.000000  1  1.000000  TR
  28.000000  1  1.000000  TR
  31.000000  1  1.000000  TR
  30.000000  1  1.000000  TR
  31.000000  1  1.000000  TR
  30.000000  1  1.000000  TR
  31.000000  1  1.000000  TR
  31.000000  1  1.000000  TR
  30.000000  1  1.000000  TR
  31.000000  1  1.000000  TR
  30.000000  1  1.000000  TR
  31.000000  1  1.000000  TR
  31.000000  1  1.000000  TR
  29.000000  1  1.000000  TR
  31.000000  1  1.000000  TR
  30.000000  1  1.000000  TR
  31.000000  1  1.000000  TR
  30.000000  1  1.000000  TR
  31.000000  1  1.000000  TR
  31.000000  1  1.000000  TR
  30.000000  1  1.000000  TR
  31.000000  1  1.000000  TR
  30.000000  1  1.000000  TR
  31.000000  1  1.000000  TR
  31.000000  1  1.000000  TR
  28.000000  1  1.000000  TR
  31.000000  1  1.000000  TR
  30.000000  1  1.000000  TR
  31.000000  1  1.000000  TR
  30.000000  1  1.000000  TR
  31.000000  1  1.000000  TR
  31.000000  1  1.000000  TR
  30.000000  1  1.000000  TR
  31.000000  1  1.000000  TR
  30.000000  1  1.000000  TR
  31.000000  1  1.000000  TR
  31.000000  1  1.000000  TR
  28.000000  1  1.000000  TR
  31.000000  1  1.000000  TR
  30.000000  1  1.000000  TR
  31.000000  1  1.000000  TR
  30.000000  1  1.000000  TR
  31.000000  1  1.000000  TR
  31.000000  1  1.000000  TR
  30.000000  1  1.000000  TR
  31.000000  1  1.000000  TR
  30.000000  1  1.000000  TR
  31.000000  1  1.000000  TR
  31.000000  1  1.000000  TR
  28.000000  1  1.000000  TR
  31.000000  1  1.000000  TR
  30.000000  1  1.000000  TR
  31.000000  1  1.000000  TR
  30.000000  1  1.000000  TR
  31.000000  1  1.000000  TR
  31.000000  1  1.000000  TR
  30.000000  1  1.000000  TR
  31.000000  1  1.000000  TR
  30.000000  1  1.000000  TR
  31.000000  1  1.000000  TR
  31.000000  1  1.000000  TR
  29.000000  1  1.000000  TR
  31.000000  1  1.000000  TR
  30.000000  1  1.000000  TR
  31.000000  1  1.000000  TR
  30.000000  1  1.000000  TR
  31.000000  1  1.000000  TR
  31.000000  1  1.000000  TR
  30.000000  1  1.000000  TR
  31.000000  1  1.000000  TR
  30.000000  1  1.000000  TR
  31.000000  1  1.000000  TR
  31.000000  1  1.000000  TR
  28.000000  1  1.000000  TR
  31.000000  1  1.000000  TR
  30.000000  1  1.000000  TR
  31.000000  1  1.000000  TR
  30.000000  1  1.000000  TR
  31.000000  1  1.000000  TR
  31.000000  1  1.000000  TR
  30.000000  1  1.000000  TR
  31.000000  1  1.000000  TR
  30.000000  1  1.000000  TR
  31.000000  1  1.000000  TR
  31.000000  1  1.000000  TR
  28.000000  1  1.000000  TR
  31.000000  1  1.000000  TR
  30.000000  1  1.000000  TR
  31.000000  1  1.000000  TR
  30.000000  1  1.000000  TR
  31.000000  1  1.000000  TR
  31.000000  1  1.000000  TR
  30.000000  1  1.000000  TR
  31.000000  1  1.000000  TR
  30.000000  1  1.000000  TR
  31.000000  1  1.000000  TR
  31.000000  1  1.000000  TR
  28.000000  1  1.000000  TR
  31.000000  1  1.000000  TR
  30.000000  1  1.000000  TR
  31.000000  1  1.000000  TR
  30.000000  1  1.000000  TR
  31.000000  1  1.000000  TR
