 Welcome to ...


                           STOMP
        Subsurface Transport Over Multiple Phases


 This file was produced by STOMP, a numericalsimulator
 developed by the Pacific Northwest Laboratory, with
 support from the VOC-Arid Integrated Demonstration Project,
 Office of Technology Development, U.S. Department of Energy.
 Results from this version of STOMP should not be used for
 license related applications.

 For inquiries or assistance:  Call (509) 372-6070

                       ---  RESTART  ---


Version: 3.2                                                             
Date: 
Time: 

 6.355700640000000E+10 3.155760000000000E+07 3.155760000000000E+07 1.000000000000000E+20 1.250000000000000E+00 1.000000000000000E-06 2.000000000000000E-01        8     2103      119        0        1        0        0
 2.000000000000000E+01  4.604969427820661E+04  0.000000000000000E+00  1.000000000000000E+00  0.000000000000000E+00  1.000000000000000E+00  2 1
 2.000000000000000E+01  4.360094208832376E+04  0.000000000000000E+00  1.000000000000000E+00  0.000000000000000E+00  1.000000000000000E+00  2 1
 2.000000000000000E+01  4.115219434870088E+04  0.000000000000000E+00  1.000000000000000E+00  0.000000000000000E+00  1.000000000000000E+00  2 1
 2.000000000000000E+01  3.870345124823486E+04  0.000000000000000E+00  1.000000000000000E+00  0.000000000000000E+00  1.000000000000000E+00  2 1
 2.000000000000000E+01  3.625471309180167E+04  0.000000000000000E+00  1.000000000000000E+00  0.000000000000000E+00  1.000000000000000E+00  2 1
 2.000000000000000E+01  3.380598030787826E+04  0.000000000000000E+00  1.000000000000000E+00  0.000000000000000E+00  1.000000000000000E+00  2 1
 2.000000000000000E+01  3.135725345925459E+04  0.000000000000000E+00  1.000000000000000E+00  0.000000000000000E+00  1.000000000000000E+00  2 1
 2.000000000000000E+01  2.890853325710335E+04  0.000000000000000E+00  1.000000000000000E+00  0.000000000000000E+00  1.000000000000000E+00  2 1
 2.000000000000000E+01  2.645982057875941E+04  0.000000000000000E+00  1.000000000000000E+00  0.000000000000000E+00  1.000000000000000E+00  2 1
 2.000000000000000E+01  2.401111648965319E+04  0.000000000000000E+00  1.000000000000000E+00  0.000000000000000E+00  1.000000000000000E+00  2 1
 2.000000000000000E+01  2.156242226994658E+04  0.000000000000000E+00  1.000000000000000E+00  0.000000000000000E+00  1.000000000000000E+00  2 1
 2.000000000000000E+01  1.911373944653700E+04  0.000000000000000E+00  1.000000000000000E+00  0.000000000000000E+00  1.000000000000000E+00  2 1
 2.000000000000000E+01  1.666506983122996E+04  0.000000000000000E+00  1.000000000000000E+00  0.000000000000000E+00  1.000000000000000E+00  2 1
 2.000000000000000E+01  1.421641556603435E+04  0.000000000000000E+00  1.000000000000000E+00  0.000000000000000E+00  1.000000000000000E+00  2 1
 2.000000000000000E+01  1.176777917671275E+04  0.000000000000000E+00  1.000000000000000E+00  0.000000000000000E+00  1.000000000000000E+00  2 1
 2.000000000000000E+01  9.319163635925705E+03  0.000000000000000E+00  1.000000000000000E+00  0.000000000000000E+00  1.000000000000000E+00  2 1
 2.000000000000000E+01  6.870572437548388E+03  0.000000000000000E+00  1.000000000000000E+00  0.000000000000000E+00  1.000000000000000E+00  2 1
 2.000000000000000E+01  4.422009684017728E+03  0.000000000000000E+00  1.000000000000000E+00  0.000000000000000E+00  1.000000000000000E+00  2 1
 2.000000000000000E+01  1.973480188893579E+03  0.000000000000000E+00  1.000000000000000E+00  0.000000000000000E+00  1.000000000000000E+00  2 1
 2.000000000000000E+01 -4.748649997227936E+02  0.000000000000000E+00  9.954760964554291E-01  0.000000000000000E+00  9.717407166022975E-01  2-1
 2.000000000000000E+01 -2.913234333029877E+03  0.000000000000000E+00  9.355108493615391E-01  0.000000000000000E+00  6.276962691011235E-01  2-1
 2.000000000000000E+01 -5.314882684809723E+03  0.000000000000000E+00  8.636639486724330E-01  0.000000000000000E+00  6.272730859503892E-01  2-1
 2.000000000000000E+01 -7.668451962230791E+03  0.000000000000000E+00  7.992221967631138E-01  0.000000000000000E+00  6.268501140238159E-01  2 1
 2.000000000000000E+01 -9.946520505275550E+03  0.000000000000000E+00  7.456059859736109E-01  0.000000000000000E+00  6.263329453517378E-01  2-1
 2.000000000000000E+01 -1.211755594746312E+04  0.000000000000000E+00  7.020469223117457E-01  0.000000000000000E+00  6.170422289095302E-01  2 1
 2.000000000000000E+01 -1.271845707150114E+04  0.000000000000000E+00  6.013531504339112E-01  0.000000000000000E+00  5.532219910078900E-01  2-1
 2.000000000000000E+01 -1.430939942150390E+04  0.000000000000000E+00  5.802750845007441E-01  0.000000000000000E+00  5.529093014693285E-01  2-1
 2.000000000000000E+01 -1.566151533302857E+04  0.000000000000000E+00  5.644015099385384E-01  0.000000000000000E+00  5.427267582810607E-01  2 1
 2.000000000000000E+01 -1.678437732701794E+04  0.000000000000000E+00  5.524085596042025E-01  0.000000000000000E+00  5.301370560615185E-01  2 1
 2.000000000000000E+01 -1.769851704041522E+04  0.000000000000000E+00  5.433365442723490E-01  0.000000000000000E+00  5.206136303509857E-01  2 1
 2.000000000000000E+01 -1.843051316920839E+04  0.000000000000000E+00  5.364730390060600E-01  0.000000000000000E+00  5.134086069767584E-01  2-1
 2.000000000000000E+01 -1.900880955568317E+04  0.000000000000000E+00  5.312822326864131E-01  0.000000000000000E+00  5.079595136325982E-01  2-1
 2.000000000000000E+01 -1.946078117232001E+04  0.000000000000000E+00  5.273586073824933E-01  0.000000000000000E+00  5.038406544011057E-01  2-1
 2.000000000000000E+01 -1.981103392091536E+04  0.000000000000000E+00  5.243945188568642E-01  0.000000000000000E+00  5.007290771119717E-01  2-1
 2.000000000000000E+01 -2.008066757382691E+04  0.000000000000000E+00  5.221564903404958E-01  0.000000000000000E+00  4.983796875293889E-01  2-1
 2.000000000000000E+01 -2.028717750924713E+04  0.000000000000000E+00  5.204674373219080E-01  0.000000000000000E+00  4.966065896723786E-01  2 1
 2.000000000000000E+01 -2.044471987679712E+04  0.000000000000000E+00  5.191931751508922E-01  0.000000000000000E+00  4.952689220563639E-01  2 1
 2.000000000000000E+01 -2.056454438004371E+04  0.000000000000000E+00  5.182321292304691E-01  0.000000000000000E+00  4.942600558791403E-01  2 1
 2.000000000000000E+01 -2.065547226433163E+04  0.000000000000000E+00  5.175074816454786E-01  0.000000000000000E+00  4.934993508770507E-01  2-1
 2.000000000000000E+01 -2.072435193313674E+04  0.000000000000000E+00  5.169611836418817E-01  0.000000000000000E+00  4.929258698739047E-01  2-1
 2.000000000000000E+01 -2.077646067732589E+04  0.000000000000000E+00  5.165493985182639E-01  0.000000000000000E+00  4.924935949173460E-01  2-1
 2.000000000000000E+01 -2.081584245123532E+04  0.000000000000000E+00  5.162390395228136E-01  0.000000000000000E+00  4.921677929065856E-01  2-1
 2.000000000000000E+01 -2.084558314380839E+04  0.000000000000000E+00  5.160051440265351E-01  0.000000000000000E+00  4.919222591082669E-01  2-1
 2.000000000000000E+01 -2.086803014951213E+04  0.000000000000000E+00  5.158288847999577E-01  0.000000000000000E+00  4.917372294771757E-01  2-1
 2.000000000000000E+01 -2.088496487512028E+04  0.000000000000000E+00  5.156960655666625E-01  0.000000000000000E+00  4.915978013506849E-01  2 1
 2.000000000000000E+01 -2.089773679987297E+04  0.000000000000000E+00  5.155959839647243E-01  0.000000000000000E+00  4.914927398327988E-01  2 1
 2.000000000000000E+01 -2.090736683243257E+04  0.000000000000000E+00  5.155205728170278E-01  0.000000000000000E+00  4.914135763353218E-01  2 1
 2.000000000000000E+01 -2.091462653176568E+04  0.000000000000000E+00  5.154637519573532E-01  0.000000000000000E+00  4.913539281517458E-01  2 1
 2.000000000000000E+01 -2.092009856595149E+04  0.000000000000000E+00  5.154209391986658E-01  0.000000000000000E+00  4.913089850920277E-01  2 1
 2.000000000000000E+01 -2.092422270409700E+04  0.000000000000000E+00  5.153886814936968E-01  0.000000000000000E+00  4.912751222902547E-01  2 1
 2.000000000000000E+01 -2.092733071914353E+04  0.000000000000000E+00  5.153643768183209E-01  0.000000000000000E+00  4.912496082493395E-01  2 1
 2.000000000000000E+01 -2.092967282772029E+04  0.000000000000000E+00  5.153460645034222E-01  0.000000000000000E+00  4.912303847401030E-01  2 1
 2.000000000000000E+01 -2.093143769213100E+04  0.000000000000000E+00  5.153322671923186E-01  0.000000000000000E+00  4.912159008947288E-01  2 1
 2.000000000000000E+01 -2.093276753676012E+04  0.000000000000000E+00  5.153218717254895E-01  0.000000000000000E+00  4.912049881644860E-01  2 1
 2.000000000000000E+01 -2.093376956356113E+04  0.000000000000000E+00  5.153140393720155E-01  0.000000000000000E+00  4.911967660844166E-01  2-1
 2.000000000000000E+01 -2.093452456779952E+04  0.000000000000000E+00  5.153081381818123E-01  0.000000000000000E+00  4.911905712595131E-01  2-1
 2.000000000000000E+01 -2.093509343792328E+04  0.000000000000000E+00  5.153036920100924E-01  0.000000000000000E+00  4.911859038527107E-01  2-1
 2.000000000000000E+01 -2.093552205759890E+04  0.000000000000000E+00  5.153003421064676E-01  0.000000000000000E+00  4.911823872627204E-01  2-1
 2.000000000000000E+01 -2.093584500180341E+04  0.000000000000000E+00  5.152978181725041E-01  0.000000000000000E+00  4.911797377414486E-01  2-1
 2.000000000000000E+01 -2.093608832313560E+04  0.000000000000000E+00  5.152959165541648E-01  0.000000000000000E+00  4.911777415013277E-01  2-1
 2.000000000000000E+01 -2.093627165199668E+04  0.000000000000000E+00  5.152944838105029E-01  0.000000000000000E+00  4.911762374664106E-01  2-1
 2.000000000000000E+01 -2.093640977943630E+04  0.000000000000000E+00  5.152934043333343E-01  0.000000000000000E+00  4.911751042760173E-01  2 1
 2.000000000000000E+01 -2.093651385000492E+04  0.000000000000000E+00  5.152925910192450E-01  0.000000000000000E+00  4.911742504925938E-01  2 1
 2.000000000000000E+01 -2.093659226064923E+04  0.000000000000000E+00  5.152919782414327E-01  0.000000000000000E+00  4.911736072238427E-01  2 1
 2.000000000000000E+01 -2.093665133806122E+04  0.000000000000000E+00  5.152915165543823E-01  0.000000000000000E+00  4.911731225639115E-01  2 1
 2.000000000000000E+01 -2.093669584906689E+04  0.000000000000000E+00  5.152911687041487E-01  0.000000000000000E+00  4.911727574051527E-01  2 1
 2.000000000000000E+01 -2.093672938519960E+04  0.000000000000000E+00  5.152909066223486E-01  0.000000000000000E+00  4.911724822825409E-01  2 1
 2.000000000000000E+01 -2.093675465246672E+04  0.000000000000000E+00  5.152907091613201E-01  0.000000000000000E+00  4.911722749961367E-01  2 1
 2.000000000000000E+01 -2.093677368967899E+04  0.000000000000000E+00  5.152905603877096E-01  0.000000000000000E+00  4.911721188197664E-01  2 1
 2.000000000000000E+01 -2.093678803295230E+04  0.000000000000000E+00  5.152904482968000E-01  0.000000000000000E+00  4.911720011513752E-01  2 1
 2.000000000000000E+01 -2.093679883965180E+04  0.000000000000000E+00  5.152903638438414E-01  0.000000000000000E+00  4.911719124961593E-01  2 1
 2.000000000000000E+01 -2.093680698177720E+04  0.000000000000000E+00  5.152903002142205E-01  0.000000000000000E+00  4.911718457004204E-01  2-1
 2.000000000000000E+01 -2.093681311632322E+04  0.000000000000000E+00  5.152902522735843E-01  0.000000000000000E+00  4.911717953743274E-01  2-1
 2.000000000000000E+01 -2.093681773829215E+04  0.000000000000000E+00  5.152902161535423E-01  0.000000000000000E+00  4.911717574570043E-01  2-1
 2.000000000000000E+01 -2.093682122063539E+04  0.000000000000000E+00  5.152901889395225E-01  0.000000000000000E+00  4.911717288888542E-01  2-1
 2.000000000000000E+01 -2.093682384434700E+04  0.000000000000000E+00  5.152901684355913E-01  0.000000000000000E+00  4.911717073646769E-01  2-1
 2.000000000000000E+01 -2.093682582113729E+04  0.000000000000000E+00  5.152901529872597E-01  0.000000000000000E+00  4.911716911476586E-01  2-1
 2.000000000000000E+01 -2.093682731051580E+04  0.000000000000000E+00  5.152901413479822E-01  0.000000000000000E+00  4.911716789292276E-01  2-1
 2.000000000000000E+01 -2.093682843266229E+04  0.000000000000000E+00  5.152901325785706E-01  0.000000000000000E+00  4.911716697234627E-01  2-1
 2.000000000000000E+01 -2.093682927812416E+04  0.000000000000000E+00  5.152901259714093E-01  0.000000000000000E+00  4.911716627875387E-01  2-1
 2.000000000000000E+01 -2.093682991512276E+04  0.000000000000000E+00  5.152901209933585E-01  0.000000000000000E+00  4.911716575617871E-01  2-1
 2.000000000000000E+01 -2.093683039505832E+04  0.000000000000000E+00  5.152901172427322E-01  0.000000000000000E+00  4.911716536245352E-01  2-1
 2.000000000000000E+01 -2.093683075665746E+04  0.000000000000000E+00  5.152901144168880E-01  0.000000000000000E+00  4.911716506580810E-01  2-1
 2.000000000000000E+01 -2.093683102909804E+04  0.000000000000000E+00  5.152901122878049E-01  0.000000000000000E+00  4.911716484230578E-01  2 1
 2.000000000000000E+01 -2.093683123436368E+04  0.000000000000000E+00  5.152901106836840E-01  0.000000000000000E+00  4.911716467391182E-01  2 1
 2.000000000000000E+01 -2.093683138901751E+04  0.000000000000000E+00  5.152901094750871E-01  0.000000000000000E+00  4.911716454703831E-01  2 1
 2.000000000000000E+01 -2.093683150553877E+04  0.000000000000000E+00  5.152901085644905E-01  0.000000000000000E+00  4.911716445144767E-01  2 1
 2.000000000000000E+01 -2.093683159332969E+04  0.000000000000000E+00  5.152901078784176E-01  0.000000000000000E+00  4.911716437942656E-01  2 1
 2.000000000000000E+01 -2.093683165947422E+04  0.000000000000000E+00  5.152901073615077E-01  0.000000000000000E+00  4.911716432516350E-01  2 1
 2.000000000000000E+01 -2.093683170930968E+04  0.000000000000000E+00  5.152901069720508E-01  0.000000000000000E+00  4.911716428427995E-01  2 1
 2.000000000000000E+01 -2.093683174685735E+04  0.000000000000000E+00  5.152901066786214E-01  0.000000000000000E+00  4.911716425347694E-01  2 1
 2.000000000000000E+01 -2.093683177514698E+04  0.000000000000000E+00  5.152901064575421E-01  0.000000000000000E+00  4.911716423026895E-01  2 1
 2.000000000000000E+01 -2.093683179646130E+04  0.000000000000000E+00  5.152901062909738E-01  0.000000000000000E+00  4.911716421278329E-01  2 1
 2.000000000000000E+01 -2.093683181252021E+04  0.000000000000000E+00  5.152901061654758E-01  0.000000000000000E+00  4.911716419960903E-01  2 1
 2.000000000000000E+01 -2.093683182461952E+04  0.000000000000000E+00  5.152901060709215E-01  0.000000000000000E+00  4.911716418968310E-01  2 1
 2.000000000000000E+01 -2.093683183373554E+04  0.000000000000000E+00  5.152901059996811E-01  0.000000000000000E+00  4.911716418220459E-01  2 1
 2.000000000000000E+01 -2.093683184060384E+04  0.000000000000000E+00  5.152901059460064E-01  0.000000000000000E+00  4.911716417657004E-01  2 1
 2.000000000000000E+01 -2.093683184577865E+04  0.000000000000000E+00  5.152901059055661E-01  0.000000000000000E+00  4.911716417232478E-01  2 1
 2.000000000000000E+01 -2.093683184967751E+04  0.000000000000000E+00  5.152901058750969E-01  0.000000000000000E+00  4.911716416912628E-01  2 1
 2.000000000000000E+01 -2.093683185261505E+04  0.000000000000000E+00  5.152901058521405E-01  0.000000000000000E+00  4.911716416671640E-01  2 1
 2.000000000000000E+01 -2.093683185482828E+04  0.000000000000000E+00  5.152901058348445E-01  0.000000000000000E+00  4.911716416490073E-01  2 1
 2.000000000000000E+01 -2.093683185649581E+04  0.000000000000000E+00  5.152901058218131E-01  0.000000000000000E+00  4.911716416353274E-01  2 1
 2.000000000000000E+01 -2.093683185775218E+04  0.000000000000000E+00  5.152901058119945E-01  0.000000000000000E+00  4.911716416250205E-01  2 1
 2.000000000000000E+01 -2.093683185869877E+04  0.000000000000000E+00  5.152901058045971E-01  0.000000000000000E+00  4.911716416172550E-01  2 1
 2.000000000000000E+01 -2.093683185941194E+04  0.000000000000000E+00  5.152901057990238E-01  0.000000000000000E+00  4.911716416114042E-01  2 1
 2.000000000000000E+01 -2.093683185994928E+04  0.000000000000000E+00  5.152901057948246E-01  0.000000000000000E+00  4.911716416069961E-01  2 1
 2.000000000000000E+01 -2.093683186035412E+04  0.000000000000000E+00  5.152901057916608E-01  0.000000000000000E+00  4.911716416036748E-01  2 1
 2.000000000000000E+01 -2.093683186065916E+04  0.000000000000000E+00  5.152901057892770E-01  0.000000000000000E+00  4.911716416011724E-01  2-1
 2.000000000000000E+01 -2.093683186088898E+04  0.000000000000000E+00  5.152901057874810E-01  0.000000000000000E+00  4.911716415992871E-01  2-1
 2.000000000000000E+01 -2.093683186106214E+04  0.000000000000000E+00  5.152901057861279E-01  0.000000000000000E+00  4.911716415978666E-01  2-1
 2.000000000000000E+01 -2.093683186119260E+04  0.000000000000000E+00  5.152901057851083E-01  0.000000000000000E+00  4.911716415967963E-01  2 1
 2.000000000000000E+01 -2.093683186129089E+04  0.000000000000000E+00  5.152901057843401E-01  0.000000000000000E+00  4.911716415959900E-01  2-1
 2.000000000000000E+01 -2.093683186136494E+04  0.000000000000000E+00  5.152901057837616E-01  0.000000000000000E+00  4.911716415953825E-01  2 1
 2.000000000000000E+01 -2.093683186142073E+04  0.000000000000000E+00  5.152901057833255E-01  0.000000000000000E+00  4.911716415949247E-01  2 1
 2.000000000000000E+01 -2.093683186146277E+04  0.000000000000000E+00  5.152901057829969E-01  0.000000000000000E+00  4.911716415945798E-01  2 1
 2.000000000000000E+01 -2.093683186149445E+04  0.000000000000000E+00  5.152901057827493E-01  0.000000000000000E+00  4.911716415943200E-01  2 1
 2.000000000000000E+01 -2.093683186151832E+04  0.000000000000000E+00  5.152901057825628E-01  0.000000000000000E+00  4.911716415941243E-01  2 1
 2.000000000000000E+01 -2.093683186153630E+04  0.000000000000000E+00  5.152901057824222E-01  0.000000000000000E+00  4.911716415939767E-01  2 1
 2.000000000000000E+01 -2.093683186154984E+04  0.000000000000000E+00  5.152901057823165E-01  0.000000000000000E+00  4.911716415938656E-01  2 1
