 Welcome to ...


                           STOMP
        Subsurface Transport Over Multiple Phases


 This file was produced by STOMP, a numericalsimulator
 developed by the Pacific Northwest Laboratory, with
 support from the VOC-Arid Integrated Demonstration Project,
 Office of Technology Development, U.S. Department of Energy.
 Results from this version of STOMP should not be used for
 license related applications.

 For inquiries or assistance:  Call (509) 372-6070

                       ---  RESTART  ---


Version: 3.2                                                             
Date: 
Time: 

 6.386731228080000E+10 3.890662979125977E+03 8.640000000000000E+04 1.000000000000000E+20 1.250000000000000E+00 9.999999999999999E-21 2.000000000000000E-01        8     5846      119        0        1        0        2
 2.000000000000000E+01  4.361485961429930E+04  0.000000000000000E+00  1.000000000000000E+00  0.000000000000000E+00  1.000000000000000E+00  2 1  0.000000000000000E+00  0.000000000000000E+00
 2.000000000000000E+01  4.116610846378792E+04  0.000000000000000E+00  1.000000000000000E+00  0.000000000000000E+00  1.000000000000000E+00  2 1  0.000000000000000E+00  0.000000000000000E+00
 2.000000000000000E+01  3.871736020592658E+04  0.000000000000000E+00  1.000000000000000E+00  0.000000000000000E+00  1.000000000000000E+00  2 1  0.000000000000000E+00  0.000000000000000E+00
 2.000000000000000E+01  3.626861484062972E+04  0.000000000000000E+00  1.000000000000000E+00  0.000000000000000E+00  1.000000000000000E+00  2 1  0.000000000000000E+00  0.000000000000000E+00
 2.000000000000000E+01  3.381987236775343E+04  0.000000000000000E+00  1.000000000000000E+00  0.000000000000000E+00  1.000000000000000E+00  2 1  0.000000000000000E+00  0.000000000000000E+00
 2.000000000000000E+01  3.137113278707170E+04  0.000000000000000E+00  1.000000000000000E+00  0.000000000000000E+00  1.000000000000000E+00  2 1  0.000000000000000E+00  0.000000000000000E+00
 2.000000000000000E+01  2.892239609824291E+04  0.000000000000000E+00  1.000000000000000E+00  0.000000000000000E+00  1.000000000000000E+00  2 1  0.000000000000000E+00  0.000000000000000E+00
 2.000000000000000E+01  2.647366230076547E+04  0.000000000000000E+00  1.000000000000000E+00  0.000000000000000E+00  1.000000000000000E+00  2 1  0.000000000000000E+00  0.000000000000000E+00
 2.000000000000000E+01  2.402493139392167E+04  0.000000000000000E+00  1.000000000000000E+00  0.000000000000000E+00  1.000000000000000E+00  2 1  0.000000000000000E+00  0.000000000000000E+00
 2.000000000000000E+01  2.157620337670819E+04  0.000000000000000E+00  1.000000000000000E+00  0.000000000000000E+00  1.000000000000000E+00  2 1  0.000000000000000E+00  0.000000000000000E+00
 2.000000000000000E+01  1.912747824775167E+04  0.000000000000000E+00  1.000000000000000E+00  0.000000000000000E+00  1.000000000000000E+00  2 1  7.383301058159375E-14  4.040088469890092E-14
 2.000000000000000E+01  1.667875600520708E+04  0.000000000000000E+00  1.000000000000000E+00  0.000000000000000E+00  1.000000000000000E+00  2 1  1.957403159173774E-12  1.286922949169586E-12
 2.000000000000000E+01  1.423003664663642E+04  0.000000000000000E+00  1.000000000000000E+00  0.000000000000000E+00  1.000000000000000E+00  2 1  4.399793909949179E-11  2.819674207136805E-11
 2.000000000000000E+01  1.178132016886472E+04  0.000000000000000E+00  1.000000000000000E+00  0.000000000000000E+00  1.000000000000000E+00  2 1  8.876194323641291E-10  5.125989237263696E-10
 2.000000000000000E+01  9.332606567809729E+03  0.000000000000000E+00  1.000000000000000E+00  0.000000000000000E+00  1.000000000000000E+00  2 1  1.632654244269180E-08  7.890876308377485E-09
 2.000000000000000E+01  6.883895838280939E+03  0.000000000000000E+00  1.000000000000000E+00  0.000000000000000E+00  1.000000000000000E+00  2 1  2.615880637223927E-07  1.049835967796476E-07
 2.000000000000000E+01  4.435187973743024E+03  0.000000000000000E+00  1.000000000000000E+00  0.000000000000000E+00  1.000000000000000E+00  2 1  3.370657371373269E-06  1.222533382018904E-06
 2.000000000000000E+01  1.986482966037712E+03  0.000000000000000E+00  1.000000000000000E+00  0.000000000000000E+00  1.000000000000000E+00  2 1  3.275862652758279E-05  1.256121977965753E-05
 2.000000000000000E+01 -4.622153245579754E+02  0.000000000000000E+00  9.956584304004783E-01  0.000000000000000E+00  9.483833790850665E-01  2 1  2.381150162164576E-04  1.203357146111680E-04
 2.000000000000000E+01 -2.910668767014190E+03  0.000000000000000E+00  9.355868440874257E-01  0.000000000000000E+00  8.688168557032244E-01  2 1  1.124081226349040E-03  8.868735837503289E-04
 2.000000000000000E+01 -5.337767773772508E+03  0.000000000000000E+00  8.629973957225775E-01  0.000000000000000E+00  7.951509254998469E-01  2 1  2.823435504459956E-03  5.266166201187144E-03
 2.000000000000000E+01 -7.693861916351980E+03  0.000000000000000E+00  7.985760521966543E-01  0.000000000000000E+00  7.345391203260120E-01  2 1  3.244062369374517E-03  6.952749723938564E-03
 2.000000000000000E+01 -9.971493658363468E+03  0.000000000000000E+00  7.450651318146423E-01  0.000000000000000E+00  6.850942947184399E-01  2 1  3.315615345199237E-03  7.877167327576724E-03
 2.000000000000000E+01 -1.213285645733264E+04  0.000000000000000E+00  7.017634104322609E-01  0.000000000000000E+00  6.452343278961701E-01  2 1  3.256110635281668E-03  8.367975944408367E-03
 2.000000000000000E+01 -1.413631521889521E+04  0.000000000000000E+00  6.671572469174102E-01  0.000000000000000E+00  6.134402347337692E-01  2-1  3.160840614046724E-03  8.640144042875369E-03
 2.000000000000000E+01 -1.403644728742654E+04  0.000000000000000E+00  5.836931393651974E-01  0.000000000000000E+00  5.510719836613129E-01  2-1  1.791631506518773E-03  9.511837799922417E-03
 2.000000000000000E+01 -1.539075069760661E+04  0.000000000000000E+00  5.674474409649385E-01  0.000000000000000E+00  5.368058829316998E-01  2-1  1.746707124006896E-03  9.557019587375856E-03
 2.000000000000000E+01 -1.652394023572329E+04  0.000000000000000E+00  5.551027982625757E-01  0.000000000000000E+00  5.259447063591748E-01  2-1  1.712333387270701E-03  9.591443890647335E-03
 2.000000000000000E+01 -1.745657795173681E+04  0.000000000000000E+00  5.456814104243881E-01  0.000000000000000E+00  5.176606463558211E-01  2-1  1.685948865407768E-03  9.617775197350291E-03
 2.000000000000000E+01 -1.821348636627559E+04  0.000000000000000E+00  5.384727992156392E-01  0.000000000000000E+00  5.113400045502855E-01  2-1  1.665656981407651E-03  9.637869745157287E-03
 2.000000000000000E+01 -1.882038192685275E+04  0.000000000000000E+00  5.329520434393732E-01  0.000000000000000E+00  5.065212410246540E-01  2-1  1.650039077394430E-03  9.653152428681524E-03
 2.000000000000000E+01 -1.930182334873435E+04  0.000000000000000E+00  5.287256278039572E-01  0.000000000000000E+00  5.028494354626720E-01  2-1  1.638019711245596E-03  9.664729270223349E-03
 2.000000000000000E+01 -1.968013043430302E+04  0.000000000000000E+00  5.254946857657959E-01  0.000000000000000E+00  5.000525870645439E-01  2-1  1.628772546768786E-03  9.673458877699664E-03
 2.000000000000000E+01 -1.997491061921667E+04  0.000000000000000E+00  5.230298398948896E-01  0.000000000000000E+00  4.979230793790338E-01  2-1  1.621654692710524E-03  9.680003286866806E-03
 2.000000000000000E+01 -2.020294129751622E+04  0.000000000000000E+00  5.211538221453055E-01  0.000000000000000E+00  4.963023273899154E-01  2-1  1.616160652776506E-03  9.684866973032667E-03
 2.000000000000000E+01 -2.037826171497770E+04  0.000000000000000E+00  5.197292218119719E-01  0.000000000000000E+00  4.950693645002734E-01  2-1  1.611889272335676E-03  9.688427624877908E-03
 2.000000000000000E+01 -2.051239070397077E+04  0.000000000000000E+00  5.186495672351680E-01  0.000000000000000E+00  4.941317866170871E-01  2-1  1.608519022673111E-03  9.690960217033123E-03
 2.000000000000000E+01 -2.061461552937845E+04  0.000000000000000E+00  5.178325965190353E-01  0.000000000000000E+00  4.934191266169259E-01  2-1  1.605788601404281E-03  9.692655206048615E-03
 2.000000000000000E+01 -2.069231095034238E+04  0.000000000000000E+00  5.172150253598167E-01  0.000000000000000E+00  4.928776165599317E-01  2-1  1.603481020274448E-03  9.693631444712952E-03
 2.000000000000000E+01 -2.075125752341319E+04  0.000000000000000E+00  5.167484036454377E-01  0.000000000000000E+00  4.924662860207879E-01  2-1  1.601410104117003E-03  9.693944304064337E-03
 2.000000000000000E+01 -2.079593775422881E+04  0.000000000000000E+00  5.163958125277787E-01  0.000000000000000E+00  4.921539357085615E-01  2-1  1.599408741693611E-03  9.693589390131671E-03
 2.000000000000000E+01 -2.082979770050024E+04  0.000000000000000E+00  5.161292367484074E-01  0.000000000000000E+00  4.919168189243525E-01  2-1  1.597318437067116E-03  9.692502119016956E-03
 2.000000000000000E+01 -2.085546901342681E+04  0.000000000000000E+00  5.159274887036629E-01  0.000000000000000E+00  4.917368725414980E-01  2-1  1.594979810831863E-03  9.690553276417161E-03
 2.000000000000000E+01 -2.087495163631979E+04  0.000000000000000E+00  5.157745832827663E-01  0.000000000000000E+00  4.916003471217550E-01  2-1  1.592223758750173E-03  9.687540549225259E-03
 2.000000000000000E+01 -2.088976053484800E+04  0.000000000000000E+00  5.156584775367803E-01  0.000000000000000E+00  4.914967850990410E-01  2-1  1.588863025440879E-03  9.683175889097199E-03
 2.000000000000000E+01 -2.090104134572970E+04  0.000000000000000E+00  5.155701017481303E-01  0.000000000000000E+00  4.914182376993256E-01  2-1  1.584684007854176E-03  9.677068460167823E-03
 2.000000000000000E+01 -2.090966022226273E+04  0.000000000000000E+00  5.155026200531001E-01  0.000000000000000E+00  4.913586658678439E-01  2-1  1.579438672723416E-03  9.668702843742135E-03
 2.000000000000000E+01 -2.091627288233744E+04  0.000000000000000E+00  5.154508695737312E-01  0.000000000000000E+00  4.913134880616157E-01  2-1  1.572836555610739E-03  9.657412130501959E-03
 2.000000000000000E+01 -2.092137726296302E+04  0.000000000000000E+00  5.154109367871216E-01  0.000000000000000E+00  4.912792255415308E-01  2-1  1.564536907457698E-03  9.642345536001778E-03
 2.000000000000000E+01 -2.092535347198354E+04  0.000000000000000E+00  5.153798383689435E-01  0.000000000000000E+00  4.912532410361407E-01  2-1  1.554141169065991E-03  9.622430241041622E-03
 2.000000000000000E+01 -2.092849402731891E+04  0.000000000000000E+00  5.153552809063574E-01  0.000000000000000E+00  4.912335333755397E-01  2-1  1.541186086574424E-03  9.596327301248786E-03
 2.000000000000000E+01 -2.093102674839246E+04  0.000000000000000E+00  5.153354797280791E-01  0.000000000000000E+00  4.912185860466474E-01  2-1  1.525137933779840E-03  9.562381709889529E-03
 2.000000000000000E+01 -2.093313213615587E+04  0.000000000000000E+00  5.153190217762309E-01  0.000000000000000E+00  4.912019964058690E-01  2-1  1.505388481471524E-03  9.518567058328282E-03
 2.000000000000000E+01 -2.093495664836522E+04  0.000000000000000E+00  5.153047611153518E-01  0.000000000000000E+00  4.911870261551038E-01  2-1  1.481253549748706E-03  9.462425746958670E-03
 2.000000000000000E+01 -2.093662293596971E+04  0.000000000000000E+00  5.152917385151189E-01  0.000000000000000E+00  4.911733555690939E-01  2-1  1.451975194142702E-03  9.391006385947646E-03
 2.000000000000000E+01 -2.093823784103009E+04  0.000000000000000E+00  5.152791187195296E-01  0.000000000000000E+00  4.911601078307051E-01  2-1  1.416728804506493E-03  9.300800921430933E-03
 2.000000000000000E+01 -2.093989875238654E+04  0.000000000000000E+00  5.152661406698648E-01  0.000000000000000E+00  4.911464840120353E-01  2-1  1.374636626945954E-03  9.187685160079038E-03
 2.000000000000000E+01 -2.094169875947417E+04  0.000000000000000E+00  5.152520772010383E-01  0.000000000000000E+00  4.911317207653143E-01  2-1  1.324789437940229E-03  9.046867771052416E-03
 2.000000000000000E+01 -2.094373092628697E+04  0.000000000000000E+00  5.152362016773058E-01  0.000000000000000E+00  4.911150552984525E-01  2-1  1.266278283893199E-03  8.872854539712234E-03
 2.000000000000000E+01 -2.094609191764203E+04  0.000000000000000E+00  5.152177597491903E-01  0.000000000000000E+00  4.910956957266326E-01  2-1  1.198238318253750E-03  8.659436639641759E-03
 2.000000000000000E+01 -2.094888514161789E+04  0.000000000000000E+00  5.151959449569771E-01  0.000000000000000E+00  4.910727954618697E-01  2-1  1.119906782184033E-03  8.399713966336068E-03
 2.000000000000000E+01 -2.095222352003977E+04  0.000000000000000E+00  5.151698773206179E-01  0.000000000000000E+00  4.910454307375791E-01  2-1  1.030697033007720E-03  8.086167096374245E-03
 2.000000000000000E+01 -2.095623195923200E+04  0.000000000000000E+00  5.151385843732326E-01  0.000000000000000E+00  4.910125806983336E-01  2-1  9.302901648990141E-04  7.710794119399561E-03
 2.000000000000000E+01 -2.096104956314177E+04  0.000000000000000E+00  5.151009843382123E-01  0.000000000000000E+00  4.909731097398827E-01  2-1  8.187451109154559E-04  7.265331303359737E-03
 2.000000000000000E+01 -2.096683160839645E+04  0.000000000000000E+00  5.150558713338176E-01  0.000000000000000E+00  4.909257519775536E-01  2-1  6.966270534091165E-04  6.741579093774091E-03
 2.000000000000000E+01 -2.097375128456527E+04  0.000000000000000E+00  5.150019026244994E-01  0.000000000000000E+00  4.908690978632158E-01  2-1  5.651522541408275E-04  6.131857020244051E-03
 2.000000000000000E+01 -2.098200119198228E+04  0.000000000000000E+00  5.149375880315937E-01  0.000000000000000E+00  4.908015830690675E-01  2-1  4.263441705659245E-04  5.429612244393455E-03
 2.000000000000000E+01 -2.099179458335411E+04  0.000000000000000E+00  5.148612816718772E-01  0.000000000000000E+00  4.907214798151135E-01  2-1  2.831874141192975E-04  4.630205935295371E-03
 2.000000000000000E+01 -2.100336633358716E+04  0.000000000000000E+00  5.147711762136579E-01  0.000000000000000E+00  4.906268908394477E-01  2-1  1.397391461748278E-04  3.731897424645945E-03
 2.000000000000000E+01 -2.101697362441956E+04  0.000000000000000E+00  5.146652998292385E-01  0.000000000000000E+00  4.905157461990746E-01  2-1  0.000000000000000E+00  0.000000000000000E+00
 2.000000000000000E+01 -2.103289633608839E+04  0.000000000000000E+00  5.145415159826229E-01  0.000000000000000E+00  4.903858030470532E-01  2-1  0.000000000000000E+00  0.000000000000000E+00
 2.000000000000000E+01 -2.105143714686493E+04  0.000000000000000E+00  5.143975261259630E-01  0.000000000000000E+00  4.902346484631147E-01  2-1  0.000000000000000E+00  0.000000000000000E+00
 2.000000000000000E+01 -2.107292135219367E+04  0.000000000000000E+00  5.142308752921954E-01  0.000000000000000E+00  4.900597053245804E-01  2-1  0.000000000000000E+00  0.000000000000000E+00
 2.000000000000000E+01 -2.109769642760514E+04  0.000000000000000E+00  5.140389604705167E-01  0.000000000000000E+00  4.898582410985899E-01  2-1  0.000000000000000E+00  0.000000000000000E+00
 2.000000000000000E+01 -2.112613137269353E+04  0.000000000000000E+00  5.138190415425627E-01  0.000000000000000E+00  4.896273793224468E-01  2-1  0.000000000000000E+00  0.000000000000000E+00
 2.000000000000000E+01 -2.115861588638803E+04  0.000000000000000E+00  5.135682544477229E-01  0.000000000000000E+00  4.893641134240215E-01  2-1  0.000000000000000E+00  0.000000000000000E+00
 2.000000000000000E+01 -2.119555943567642E+04  0.000000000000000E+00  5.132836261433584E-01  0.000000000000000E+00  4.890653224263682E-01  2-1  0.000000000000000E+00  0.000000000000000E+00
 2.000000000000000E+01 -2.123739029014266E+04  0.000000000000000E+00  5.129620908366577E-01  0.000000000000000E+00  4.887277879872534E-01  2-1  0.000000000000000E+00  0.000000000000000E+00
 2.000000000000000E+01 -2.128455460262699E+04  0.000000000000000E+00  5.126005068952165E-01  0.000000000000000E+00  4.883482121511826E-01  2-1  0.000000000000000E+00  0.000000000000000E+00
 2.000000000000000E+01 -2.133751562169324E+04  0.000000000000000E+00  5.121956737974089E-01  0.000000000000000E+00  4.879232351431965E-01  2-1  0.000000000000000E+00  0.000000000000000E+00
 2.000000000000000E+01 -2.139675312434012E+04  0.000000000000000E+00  5.117443484634869E-01  0.000000000000000E+00  4.874494525125834E-01  2-1  0.000000000000000E+00  0.000000000000000E+00
 2.000000000000000E+01 -2.146276315772259E+04  0.000000000000000E+00  5.112432603143887E-01  0.000000000000000E+00  4.869234309409917E-01  2-1  0.000000000000000E+00  0.000000000000000E+00
 2.000000000000000E+01 -2.153605817700375E+04  0.000000000000000E+00  5.106891244356184E-01  0.000000000000000E+00  4.863417220613253E-01  2-1  0.000000000000000E+00  0.000000000000000E+00
 2.000000000000000E+01 -2.161716766348069E+04  0.000000000000000E+00  5.100786522747646E-01  0.000000000000000E+00  4.857008736875547E-01  2-1  0.000000000000000E+00  0.000000000000000E+00
 2.000000000000000E+01 -2.170663930362260E+04  0.000000000000000E+00  5.094085593682495E-01  0.000000000000000E+00  4.849974379259390E-01  2-1  0.000000000000000E+00  0.000000000000000E+00
 2.000000000000000E+01 -2.180504080653233E+04  0.000000000000000E+00  5.086755696698309E-01  0.000000000000000E+00  4.842279757189071E-01  2-1  0.000000000000000E+00  0.000000000000000E+00
 2.000000000000000E+01 -2.191296243555404E+04  0.000000000000000E+00  5.078764161338265E-01  0.000000000000000E+00  4.833890574573027E-01  2-1  0.000000000000000E+00  0.000000000000000E+00
 2.000000000000000E+01 -2.203102033027576E+04  0.000000000000000E+00  5.070078372836777E-01  0.000000000000000E+00  4.824772593782046E-01  2-1  0.000000000000000E+00  0.000000000000000E+00
 2.000000000000000E+01 -2.215986069900630E+04  0.000000000000000E+00  5.060665695653235E-01  0.000000000000000E+00  4.814891555378160E-01  2-1  0.000000000000000E+00  0.000000000000000E+00
 2.000000000000000E+01 -2.230016496992221E+04  0.000000000000000E+00  5.050493353397063E-01  0.000000000000000E+00  4.804213052064942E-01  2-1  0.000000000000000E+00  0.000000000000000E+00
 2.000000000000000E+01 -2.245265600251499E+04  0.000000000000000E+00  5.039528264050936E-01  0.000000000000000E+00  4.792702355711670E-01  2-1  0.000000000000000E+00  0.000000000000000E+00
 2.000000000000000E+01 -2.261810548083238E+04  0.000000000000000E+00  5.027736829542298E-01  0.000000000000000E+00  4.780324196454228E-01  2-1  0.000000000000000E+00  0.000000000000000E+00
 2.000000000000000E+01 -2.279734263759943E+04  0.000000000000000E+00  5.015084678606951E-01  0.000000000000000E+00  4.767042492763963E-01  2-1  0.000000000000000E+00  0.000000000000000E+00
 2.000000000000000E+01 -2.299126449520962E+04  0.000000000000000E+00  5.001536361508847E-01  0.000000000000000E+00  4.752820030977165E-01  2-1  0.000000000000000E+00  0.000000000000000E+00
 2.000000000000000E+01 -2.320084785783766E+04  0.000000000000000E+00  4.987054994504343E-01  0.000000000000000E+00  4.737618092068384E-01  2-1  0.000000000000000E+00  0.000000000000000E+00
 2.000000000000000E+01 -2.342716335124615E+04  0.000000000000000E+00  4.971601850942212E-01  0.000000000000000E+00  4.721396022404170E-01  2-1  0.000000000000000E+00  0.000000000000000E+00
 2.000000000000000E+01 -2.367139188688186E+04  0.000000000000000E+00  4.955135894539424E-01  0.000000000000000E+00  4.704110743795322E-01  2-1  0.000000000000000E+00  0.000000000000000E+00
 2.000000000000000E+01 -2.393484402956026E+04  0.000000000000000E+00  4.937613248620632E-01  0.000000000000000E+00  4.685716196326509E-01  2-1  0.000000000000000E+00  0.000000000000000E+00
 2.000000000000000E+01 -2.421898288024011E+04  0.000000000000000E+00  4.918986592889150E-01  0.000000000000000E+00  4.666162705111432E-01  2-1  0.000000000000000E+00  0.000000000000000E+00
 2.000000000000000E+01 -2.452545125652957E+04  0.000000000000000E+00  4.899204476511656E-01  0.000000000000000E+00  4.645396259197623E-01  2-1  0.000000000000000E+00  0.000000000000000E+00
 2.000000000000000E+01 -2.485610417675332E+04  0.000000000000000E+00  4.878210532809318E-01  0.000000000000000E+00  4.623357687181733E-01  2-1  0.000000000000000E+00  0.000000000000000E+00
 2.000000000000000E+01 -2.521304794701153E+04  0.000000000000000E+00  4.855942576458744E-01  0.000000000000000E+00  4.599981709488499E-01  2-1  0.000000000000000E+00  0.000000000000000E+00
 2.000000000000000E+01 -2.559868754062333E+04  0.000000000000000E+00  4.832331558541508E-01  0.000000000000000E+00  4.575195841425055E-01  2-1  0.000000000000000E+00  0.000000000000000E+00
 2.000000000000000E+01 -2.601578448267510E+04  0.000000000000000E+00  4.807300347655509E-01  0.000000000000000E+00  4.548919113642147E-01  2-1  0.000000000000000E+00  0.000000000000000E+00
 2.000000000000000E+01 -2.646752816247819E+04  0.000000000000000E+00  4.780762296071785E-01  0.000000000000000E+00  4.521060566944977E-01  2-1  0.000000000000000E+00  0.000000000000000E+00
 2.000000000000000E+01 -2.695762447153903E+04  0.000000000000000E+00  4.752619537819394E-01  0.000000000000000E+00  4.491517465693254E-01  2-1  0.000000000000000E+00  0.000000000000000E+00
 2.000000000000000E+01 -2.749040701955069E+04  0.000000000000000E+00  4.722760949513663E-01  0.000000000000000E+00  4.460173157163199E-01  2-1  0.000000000000000E+00  0.000000000000000E+00
 2.000000000000000E+01 -2.807097808926075E+04  0.000000000000000E+00  4.691059683130326E-01  0.000000000000000E+00  4.426894481556084E-01  2-1  0.000000000000000E+00  0.000000000000000E+00
 2.000000000000000E+01 -2.870538921738816E+04  0.000000000000000E+00  4.657370150464577E-01  0.000000000000000E+00  4.391528606408332E-01  2-1  0.000000000000000E+00  0.000000000000000E+00
 2.000000000000000E+01 -2.940087524386322E+04  0.000000000000000E+00  4.621524298283237E-01  0.000000000000000E+00  4.353899116400627E-01  2-1  0.000000000000000E+00  0.000000000000000E+00
 2.000000000000000E+01 -3.016616150562957E+04  0.000000000000000E+00  4.583326956038515E-01  0.000000000000000E+00  4.313801129580638E-01  2-1  0.000000000000000E+00  0.000000000000000E+00
 2.000000000000000E+01 -3.101187261418947E+04  0.000000000000000E+00  4.542549956587084E-01  0.000000000000000E+00  4.270995125537564E-01  2-1  0.000000000000000E+00  0.000000000000000E+00
 2.000000000000000E+01 -3.195108468288101E+04  0.000000000000000E+00  4.498924612353664E-01  0.000000000000000E+00  4.225199047190493E-01  2-1  0.000000000000000E+00  0.000000000000000E+00
 2.000000000000000E+01 -3.300008389851745E+04  0.000000000000000E+00  4.452131955198121E-01  0.000000000000000E+00  4.176078055005376E-01  2-1  0.000000000000000E+00  0.000000000000000E+00
 2.000000000000000E+01 -3.417942807550287E+04  0.000000000000000E+00  4.401789885939884E-01  0.000000000000000E+00  4.123231037098345E-01  2-1  0.000000000000000E+00  0.000000000000000E+00
 2.000000000000000E+01 -3.551546346067327E+04  0.000000000000000E+00  4.347435975664640E-01  0.000000000000000E+00  4.066172554760277E-01  2-1  0.000000000000000E+00  0.000000000000000E+00
 2.000000000000000E+01 -3.704254359163169E+04  0.000000000000000E+00  4.288504023878892E-01  0.000000000000000E+00  4.004308234178975E-01  2-1  0.000000000000000E+00  0.000000000000000E+00
 2.000000000000000E+01 -3.880636324497860E+04  0.000000000000000E+00  4.224291446050729E-01  0.000000000000000E+00  3.936900531231082E-01  2-1  0.000000000000000E+00  0.000000000000000E+00
 2.000000000000000E+01 -4.086912440404914E+04  0.000000000000000E+00  4.153912838681576E-01  0.000000000000000E+00  3.863019986018871E-01  2-1  0.000000000000000E+00  0.000000000000000E+00
