 Welcome to ...


                           STOMP
        Subsurface Transport Over Multiple Phases


 This file was produced by STOMP, a numericalsimulator
 developed by the Pacific Northwest Laboratory, with
 support from the VOC-Arid Integrated Demonstration Project,
 Office of Technology Development, U.S. Department of Energy.
 Results from this version of STOMP should not be used for
 license related applications.

 For inquiries or assistance:  Call (509) 372-6070

                       ---  RESTART  ---


Version: 3.2                                                             
Date: 
Time: 

 6.355700640000000E+10 3.155760000000000E+07 3.155760000000000E+07 1.000000000000000E+20 1.250000000000000E+00 1.000000000000000E-06 2.000000000000000E-01        8     2103       75        0        1        0        0
 2.000000000000000E+01  4.676449749780809E+04  0.000000000000000E+00  1.000000000000000E+00  0.000000000000000E+00  1.000000000000000E+00  2 1
 2.000000000000000E+01  4.431574147457166E+04  0.000000000000000E+00  1.000000000000000E+00  0.000000000000000E+00  1.000000000000000E+00  2 1
 2.000000000000000E+01  4.186698673049989E+04  0.000000000000000E+00  1.000000000000000E+00  0.000000000000000E+00  1.000000000000000E+00  2 1
 2.000000000000000E+01  3.941823329787054E+04  0.000000000000000E+00  1.000000000000000E+00  0.000000000000000E+00  1.000000000000000E+00  2 1
 2.000000000000000E+01  3.696948124174742E+04  0.000000000000000E+00  1.000000000000000E+00  0.000000000000000E+00  1.000000000000000E+00  2 1
 2.000000000000000E+01  3.452073066160702E+04  0.000000000000000E+00  1.000000000000000E+00  0.000000000000000E+00  1.000000000000000E+00  2 1
 2.000000000000000E+01  3.207198169382541E+04  0.000000000000000E+00  1.000000000000000E+00  0.000000000000000E+00  1.000000000000000E+00  2 1
 2.000000000000000E+01  2.962323451508765E+04  0.000000000000000E+00  1.000000000000000E+00  0.000000000000000E+00  1.000000000000000E+00  2 1
 2.000000000000000E+01  2.717448934680496E+04  0.000000000000000E+00  1.000000000000000E+00  0.000000000000000E+00  1.000000000000000E+00  2 1
 2.000000000000000E+01  2.472574646064998E+04  0.000000000000000E+00  1.000000000000000E+00  0.000000000000000E+00  1.000000000000000E+00  2 1
 2.000000000000000E+01  2.227700618534860E+04  0.000000000000000E+00  1.000000000000000E+00  0.000000000000000E+00  1.000000000000000E+00  2 1
 2.000000000000000E+01  1.982826891489816E+04  0.000000000000000E+00  1.000000000000000E+00  0.000000000000000E+00  1.000000000000000E+00  2 1
 2.000000000000000E+01  1.737953511841734E+04  0.000000000000000E+00  1.000000000000000E+00  0.000000000000000E+00  1.000000000000000E+00  2 1
 2.000000000000000E+01  1.493080535187420E+04  0.000000000000000E+00  1.000000000000000E+00  0.000000000000000E+00  1.000000000000000E+00  2 1
 2.000000000000000E+01  1.248208027198538E+04  0.000000000000000E+00  1.000000000000000E+00  0.000000000000000E+00  1.000000000000000E+00  2 1
 2.000000000000000E+01  1.003336065263405E+04  0.000000000000000E+00  1.000000000000000E+00  0.000000000000000E+00  1.000000000000000E+00  2 1
 2.000000000000000E+01  7.584647404220648E+03  0.000000000000000E+00  1.000000000000000E+00  0.000000000000000E+00  1.000000000000000E+00  2 1
 2.000000000000000E+01  5.135941596417098E+03  0.000000000000000E+00  1.000000000000000E+00  0.000000000000000E+00  1.000000000000000E+00  2 1
 2.000000000000000E+01  2.687244484910704E+03  0.000000000000000E+00  1.000000000000000E+00  0.000000000000000E+00  1.000000000000000E+00  2 1
 2.000000000000000E+01  2.385575427967507E+02  0.000000000000000E+00  1.000000000000000E+00  0.000000000000000E+00  9.767389467235310E-01  2 1
 2.000000000000000E+01 -2.203160683630109E+03  0.000000000000000E+00  8.913474384818435E-01  0.000000000000000E+00  5.547926353977300E-01  2 1
 2.000000000000000E+01 -4.599472069749450E+03  0.000000000000000E+00  7.858344646388209E-01  0.000000000000000E+00  5.544772525907029E-01  2 1
 2.000000000000000E+01 -6.915831655573972E+03  0.000000000000000E+00  7.135014337342009E-01  0.000000000000000E+00  5.541623679457487E-01  2 1
 2.000000000000000E+01 -9.103453626987490E+03  0.000000000000000E+00  6.626865030996602E-01  0.000000000000000E+00  5.538471427946906E-01  2 1
 2.000000000000000E+01 -1.111491993993086E+04  0.000000000000000E+00  6.258612691456541E-01  0.000000000000000E+00  5.535300000450469E-01  2 1
 2.000000000000000E+01 -1.291302585874655E+04  0.000000000000000E+00  5.986174589191101E-01  0.000000000000000E+00  5.532077374743353E-01  2 1
 2.000000000000000E+01 -1.447654904226752E+04  0.000000000000000E+00  5.782192659728373E-01  0.000000000000000E+00  5.528783858167238E-01  2 1
 2.000000000000000E+01 -1.580163368391978E+04  0.000000000000000E+00  5.628497315717643E-01  0.000000000000000E+00  5.410977656642497E-01  2 1
 2.000000000000000E+01 -1.689935703026961E+04  0.000000000000000E+00  5.512350517485222E-01  0.000000000000000E+00  5.289051561500338E-01  2 1
 2.000000000000000E+01 -1.779118812400802E+04  0.000000000000000E+00  5.424486721921702E-01  0.000000000000000E+00  5.196815790385999E-01  2 1
 2.000000000000000E+01 -1.850411045499762E+04  0.000000000000000E+00  5.358014176550465E-01  0.000000000000000E+00  5.127035667174537E-01  2 1
 2.000000000000000E+01 -1.906656939507819E+04  0.000000000000000E+00  5.307744451059415E-01  0.000000000000000E+00  5.074264592756051E-01  2 1
 2.000000000000000E+01 -1.950568757637540E+04  0.000000000000000E+00  5.269749102190500E-01  0.000000000000000E+00  5.034378650210476E-01  2 1
 2.000000000000000E+01 -1.984569131978339E+04  0.000000000000000E+00  5.241047481928025E-01  0.000000000000000E+00  5.004248878782307E-01  2 1
 2.000000000000000E+01 -2.010726295864345E+04  0.000000000000000E+00  5.219377600376381E-01  0.000000000000000E+00  4.981500735226098E-01  2 1
 2.000000000000000E+01 -2.030749681361965E+04  0.000000000000000E+00  5.203023981647945E-01  0.000000000000000E+00  4.964333384052010E-01  2 1
 2.000000000000000E+01 -2.046019200584531E+04  0.000000000000000E+00  5.190686886932544E-01  0.000000000000000E+00  4.951382413324106E-01  2 1
 2.000000000000000E+01 -2.057629542498293E+04  0.000000000000000E+00  5.181382555541982E-01  0.000000000000000E+00  4.941615111843358E-01  2 1
 2.000000000000000E+01 -2.066437974698341E+04  0.000000000000000E+00  5.174367071398731E-01  0.000000000000000E+00  4.934250547342778E-01  2 1
 2.000000000000000E+01 -2.073109395378483E+04  0.000000000000000E+00  5.169078328130015E-01  0.000000000000000E+00  4.928698643848430E-01  2 1
 2.000000000000000E+01 -2.078155794921898E+04  0.000000000000000E+00  5.165091867952999E-01  0.000000000000000E+00  4.924513823171319E-01  2 1
 2.000000000000000E+01 -2.081969294859926E+04  0.000000000000000E+00  5.162087338594803E-01  0.000000000000000E+00  4.921359792772205E-01  2 1
 2.000000000000000E+01 -2.084848995770604E+04  0.000000000000000E+00  5.159823057080271E-01  0.000000000000000E+00  4.918982843880191E-01  2-1
 2.000000000000000E+01 -2.087022349583353E+04  0.000000000000000E+00  5.158116747920789E-01  0.000000000000000E+00  4.917191631241642E-01  2-1
 2.000000000000000E+01 -2.088661926698087E+04  0.000000000000000E+00  5.156830973493103E-01  0.000000000000000E+00  4.915841878535694E-01  2-1
 2.000000000000000E+01 -2.089898432629007E+04  0.000000000000000E+00  5.155862123559807E-01  0.000000000000000E+00  4.914824820029190E-01  2-1
 2.000000000000000E+01 -2.090830735833497E+04  0.000000000000000E+00  5.155132100389807E-01  0.000000000000000E+00  4.914058471960746E-01  2-1
 2.000000000000000E+01 -2.091533549488351E+04  0.000000000000000E+00  5.154582042993423E-01  0.000000000000000E+00  4.913481044502859E-01  2-1
 2.000000000000000E+01 -2.092063291515458E+04  0.000000000000000E+00  5.154167592411796E-01  0.000000000000000E+00  4.913045971458949E-01  2 1
 2.000000000000000E+01 -2.092462540998357E+04  0.000000000000000E+00  5.153855320802259E-01  0.000000000000000E+00  4.912718161665187E-01  2 1
 2.000000000000000E+01 -2.092763419323097E+04  0.000000000000000E+00  5.153620038922800E-01  0.000000000000000E+00  4.912471172499265E-01  2 1
 2.000000000000000E+01 -2.092990151039500E+04  0.000000000000000E+00  5.153442766321763E-01  0.000000000000000E+00  4.912285079069665E-01  2-1
 2.000000000000000E+01 -2.093161000921756E+04  0.000000000000000E+00  5.153309201339815E-01  0.000000000000000E+00  4.912144868087145E-01  2 1
 2.000000000000000E+01 -2.093289737748699E+04  0.000000000000000E+00  5.153208567976701E-01  0.000000000000000E+00  4.912039227353245E-01  2 1
 2.000000000000000E+01 -2.093386739628046E+04  0.000000000000000E+00  5.153132746865330E-01  0.000000000000000E+00  4.911959633492892E-01  2-1
 2.000000000000000E+01 -2.093459828184115E+04  0.000000000000000E+00  5.153075620395525E-01  0.000000000000000E+00  4.911899664492468E-01  2-1
 2.000000000000000E+01 -2.093514897857620E+04  0.000000000000000E+00  5.153032579238579E-01  0.000000000000000E+00  4.911854481669723E-01  2 1
 2.000000000000000E+01 -2.093556390492505E+04  0.000000000000000E+00  5.153000150506786E-01  0.000000000000000E+00  4.911820439331078E-01  2 1
 2.000000000000000E+01 -2.093587653161784E+04  0.000000000000000E+00  5.152975717574001E-01  0.000000000000000E+00  4.911794790650851E-01  2 1
 2.000000000000000E+01 -2.093611207910903E+04  0.000000000000000E+00  5.152957308966429E-01  0.000000000000000E+00  4.911775466057556E-01  2 1
 2.000000000000000E+01 -2.093628955073941E+04  0.000000000000000E+00  5.152943439298729E-01  0.000000000000000E+00  4.911760906255225E-01  2 1
 2.000000000000000E+01 -2.093642326505650E+04  0.000000000000000E+00  5.152932989425919E-01  0.000000000000000E+00  4.911749936411840E-01  2-1
 2.000000000000000E+01 -2.093652401058130E+04  0.000000000000000E+00  5.152925116143572E-01  0.000000000000000E+00  4.911741671366335E-01  2-1
 2.000000000000000E+01 -2.093659991599885E+04  0.000000000000000E+00  5.152919184151629E-01  0.000000000000000E+00  4.911735444207040E-01  2 1
 2.000000000000000E+01 -2.093665710587406E+04  0.000000000000000E+00  5.152914714792974E-01  0.000000000000000E+00  4.911730752459555E-01  2 1
 2.000000000000000E+01 -2.093670019473817E+04  0.000000000000000E+00  5.152911347430968E-01  0.000000000000000E+00  4.911727217542481E-01  2 1
 2.000000000000000E+01 -2.093673265937748E+04  0.000000000000000E+00  5.152908810349770E-01  0.000000000000000E+00  4.911724554219787E-01  2 1
 2.000000000000000E+01 -2.093675711934334E+04  0.000000000000000E+00  5.152906898829553E-01  0.000000000000000E+00  4.911722547585085E-01  2 1
 2.000000000000000E+01 -2.255564635102101E+04  0.000000000000000E+00  5.833872857379179E-01  0.000000000000000E+00  5.355488135316810E-01  2 1
 2.000000000000000E+01 -2.412765525675659E+04  0.000000000000000E+00  5.719747238903751E-01  0.000000000000000E+00  5.228257791420010E-01  2 1
 2.000000000000000E+01 -2.554753187651493E+04  0.000000000000000E+00  5.624162153787818E-01  0.000000000000000E+00  5.121696938447958E-01  2 1
 2.000000000000000E+01 -2.681710510185788E+04  0.000000000000000E+00  5.544054663697544E-01  0.000000000000000E+00  5.032390929428699E-01  2 1
 2.000000000000000E+01 -2.794173439450711E+04  0.000000000000000E+00  5.476914946083643E-01  0.000000000000000E+00  4.957541745912645E-01  2 1
 2.000000000000000E+01 -2.892953615764252E+04  0.000000000000000E+00  5.420661734246816E-01  0.000000000000000E+00  4.894829135169247E-01  2 1
 2.000000000000000E+01 -2.979055962209235E+04  0.000000000000000E+00  5.373555265934401E-01  0.000000000000000E+00  4.842313562914604E-01  2-1
