 Welcome to ...


                           STOMP
        Subsurface Transport Over Multiple Phases


 This file was produced by STOMP, a numericalsimulator
 developed by the Pacific Northwest Laboratory, with
 support from the VOC-Arid Integrated Demonstration Project,
 Office of Technology Development, U.S. Department of Energy.
 Results from this version of STOMP should not be used for
 license related applications.

 For inquiries or assistance:  Call (509) 372-6070

                       ---  RESTART  ---


Version: 3.2                                                             
Date: 
Time: 

 6.355700640000000E+10 3.155760000000000E+07 3.155760000000000E+07 1.000000000000000E+20 1.250000000000000E+00 1.000000000000000E-06 2.000000000000000E-01        8     2103      121        0        1        0        0
 2.000000000000000E+01  4.628915380110839E+04  0.000000000000000E+00  1.000000000000000E+00  0.000000000000000E+00  1.000000000000000E+00  2 1
 2.000000000000000E+01  4.384040156250781E+04  0.000000000000000E+00  1.000000000000000E+00  0.000000000000000E+00  1.000000000000000E+00  2 1
 2.000000000000000E+01  4.139165397819196E+04  0.000000000000000E+00  1.000000000000000E+00  0.000000000000000E+00  1.000000000000000E+00  2 1
 2.000000000000000E+01  3.894291124713444E+04  0.000000000000000E+00  1.000000000000000E+00  0.000000000000000E+00  1.000000000000000E+00  2 1
 2.000000000000000E+01  3.649417368964045E+04  0.000000000000000E+00  1.000000000000000E+00  0.000000000000000E+00  1.000000000000000E+00  2 1
 2.000000000000000E+01  3.404544175535445E+04  0.000000000000000E+00  1.000000000000000E+00  0.000000000000000E+00  1.000000000000000E+00  2 1
 2.000000000000000E+01  3.159671603450135E+04  0.000000000000000E+00  1.000000000000000E+00  0.000000000000000E+00  1.000000000000000E+00  2 1
 2.000000000000000E+01  2.914799727264217E+04  0.000000000000000E+00  1.000000000000000E+00  0.000000000000000E+00  1.000000000000000E+00  2 1
 2.000000000000000E+01  2.669928638931314E+04  0.000000000000000E+00  1.000000000000000E+00  0.000000000000000E+00  1.000000000000000E+00  2 1
 2.000000000000000E+01  2.425058450101413E+04  0.000000000000000E+00  1.000000000000000E+00  0.000000000000000E+00  1.000000000000000E+00  2 1
 2.000000000000000E+01  2.180189294912130E+04  0.000000000000000E+00  1.000000000000000E+00  0.000000000000000E+00  1.000000000000000E+00  2 1
 2.000000000000000E+01  1.935321333342151E+04  0.000000000000000E+00  1.000000000000000E+00  0.000000000000000E+00  1.000000000000000E+00  2 1
 2.000000000000000E+01  1.690454755210719E+04  0.000000000000000E+00  1.000000000000000E+00  0.000000000000000E+00  1.000000000000000E+00  2 1
 2.000000000000000E+01  1.445589784923120E+04  0.000000000000000E+00  1.000000000000000E+00  0.000000000000000E+00  1.000000000000000E+00  2 1
 2.000000000000000E+01  1.200726687080833E+04  0.000000000000000E+00  1.000000000000000E+00  0.000000000000000E+00  1.000000000000000E+00  2 1
 2.000000000000000E+01  9.558657730965822E+03  0.000000000000000E+00  1.000000000000000E+00  0.000000000000000E+00  1.000000000000000E+00  2 1
 2.000000000000000E+01  7.110074089796787E+03  0.000000000000000E+00  1.000000000000000E+00  0.000000000000000E+00  1.000000000000000E+00  2 1
 2.000000000000000E+01  4.661520244862711E+03  0.000000000000000E+00  1.000000000000000E+00  0.000000000000000E+00  1.000000000000000E+00  2 1
 2.000000000000000E+01  2.213001238632792E+03  0.000000000000000E+00  1.000000000000000E+00  0.000000000000000E+00  1.000000000000000E+00  2 1
 2.000000000000000E+01 -2.353848259226420E+02  0.000000000000000E+00  9.984530476046480E-01  0.000000000000000E+00  9.753901256641764E-01  2 1
 2.000000000000000E+01 -2.671239515151825E+03  0.000000000000000E+00  9.426303889280201E-01  0.000000000000000E+00  6.276962691011235E-01  2 1
 2.000000000000000E+01 -5.060650841465204E+03  0.000000000000000E+00  8.711113870469586E-01  0.000000000000000E+00  6.272730859504603E-01  2 1
 2.000000000000000E+01 -7.388812641912640E+03  0.000000000000000E+00  8.064058013018250E-01  0.000000000000000E+00  6.268501288239532E-01  2 1
 2.000000000000000E+01 -9.621437252638361E+03  0.000000000000000E+00  7.527361118502367E-01  0.000000000000000E+00  6.264248275931674E-01  2 1
 2.000000000000000E+01 -1.172069465452977E+04  0.000000000000000E+00  7.095098076896550E-01  0.000000000000000E+00  6.259773409796140E-01  2 1
 2.000000000000000E+01 -1.365078421977967E+04  0.000000000000000E+00  6.751059722498515E-01  0.000000000000000E+00  6.212090855056565E-01  2 1
 2.000000000000000E+01 -1.538356224873891E+04  0.000000000000000E+00  6.479006775446736E-01  0.000000000000000E+00  6.049958163646001E-01  2-1
 2.000000000000000E+01 -1.433842298347603E+04  0.000000000000000E+00  5.799161098686696E-01  0.000000000000000E+00  5.525980928627933E-01  2 1
 2.000000000000000E+01 -1.536232184504384E+04  0.000000000000000E+00  5.677709302474550E-01  0.000000000000000E+00  5.462638360775298E-01  2-1
 2.000000000000000E+01 -1.617150583608538E+04  0.000000000000000E+00  5.588310420429049E-01  0.000000000000000E+00  5.368791119493018E-01  2-1
 2.000000000000000E+01 -1.679979105413008E+04  0.000000000000000E+00  5.522506824469068E-01  0.000000000000000E+00  5.299713231649241E-01  2-1
 2.000000000000000E+01 -1.728087498528885E+04  0.000000000000000E+00  5.474091644012958E-01  0.000000000000000E+00  5.248888981747802E-01  2 1
 2.000000000000000E+01 -1.764530313206959E+04  0.000000000000000E+00  5.438489393559149E-01  0.000000000000000E+00  5.211515214737716E-01  2 1
 2.000000000000000E+01 -1.791910714245846E+04  0.000000000000000E+00  5.412322943215151E-01  0.000000000000000E+00  5.184046759621194E-01  2-1
 2.000000000000000E+01 -1.812355293188360E+04  0.000000000000000E+00  5.393100257026302E-01  0.000000000000000E+00  5.163867580334139E-01  2 1
 2.000000000000000E+01 -1.827550327334845E+04  0.000000000000000E+00  5.378983940464322E-01  0.000000000000000E+00  5.149048856250600E-01  2 1
 2.000000000000000E+01 -1.838804774172396E+04  0.000000000000000E+00  5.368620574070120E-01  0.000000000000000E+00  5.138169823714170E-01  2 1
 2.000000000000000E+01 -1.847119213583152E+04  0.000000000000000E+00  5.361014130858316E-01  0.000000000000000E+00  5.130184894875409E-01  2 1
 2.000000000000000E+01 -1.853250026266263E+04  0.000000000000000E+00  5.355432162694372E-01  0.000000000000000E+00  5.124325176038601E-01  2-1
 2.000000000000000E+01 -1.857764375736382E+04  0.000000000000000E+00  5.351336382883636E-01  0.000000000000000E+00  5.120025596140705E-01  2-1
 2.000000000000000E+01 -1.861085035360468E+04  0.000000000000000E+00  5.348331388653949E-01  0.000000000000000E+00  5.116871077738765E-01  2-1
 2.000000000000000E+01 -1.863525788707146E+04  0.000000000000000E+00  5.346126841920582E-01  0.000000000000000E+00  5.114556835944343E-01  2-1
 2.000000000000000E+01 -1.865318791803112E+04  0.000000000000000E+00  5.344509612105524E-01  0.000000000000000E+00  5.112859135109723E-01  2 1
 2.000000000000000E+01 -1.866635410691522E+04  0.000000000000000E+00  5.343323278034868E-01  0.000000000000000E+00  5.111613770769335E-01  2-1
 2.000000000000000E+01 -1.867601925061253E+04  0.000000000000000E+00  5.342453056931527E-01  0.000000000000000E+00  5.110700248720896E-01  2-1
 2.000000000000000E+01 -1.868311274961480E+04  0.000000000000000E+00  5.341814730393173E-01  0.000000000000000E+00  5.110030159976038E-01  2-1
 2.000000000000000E+01 -1.868831800709979E+04  0.000000000000000E+00  5.341346511066056E-01  0.000000000000000E+00  5.109538642731531E-01  2 1
 2.000000000000000E+01 -1.869213720525525E+04  0.000000000000000E+00  5.341003071176932E-01  0.000000000000000E+00  5.109178113769610E-01  2-1
 2.000000000000000E+01 -1.869493917994905E+04  0.000000000000000E+00  5.340751159421731E-01  0.000000000000000E+00  5.108913667249350E-01  2-1
 2.000000000000000E+01 -1.869699473151586E+04  0.000000000000000E+00  5.340566384334686E-01  0.000000000000000E+00  5.108719698020874E-01  2-1
 2.000000000000000E+01 -1.869850263002886E+04  0.000000000000000E+00  5.340430854033701E-01  0.000000000000000E+00  5.108577423927881E-01  2 1
 2.000000000000000E+01 -1.869960874650593E+04  0.000000000000000E+00  5.340331444525246E-01  0.000000000000000E+00  5.108473067945880E-01  2 1
 2.000000000000000E+01 -1.870042011588983E+04  0.000000000000000E+00  5.340258529274124E-01  0.000000000000000E+00  5.108396524537185E-01  2 1
 2.000000000000000E+01 -1.870101526844913E+04  0.000000000000000E+00  5.340205047225155E-01  0.000000000000000E+00  5.108340381298713E-01  2-1
 2.000000000000000E+01 -1.870145181652579E+04  0.000000000000000E+00  5.340165819138984E-01  0.000000000000000E+00  5.108299201279639E-01  2-1
 2.000000000000000E+01 -1.870177202403584E+04  0.000000000000000E+00  5.340137046096978E-01  0.000000000000000E+00  5.108268996532622E-01  2-1
 2.000000000000000E+01 -1.870200689415332E+04  0.000000000000000E+00  5.340115941642638E-01  0.000000000000000E+00  5.108246841951121E-01  2-1
 2.000000000000000E+01 -1.870217916892455E+04  0.000000000000000E+00  5.340100461953048E-01  0.000000000000000E+00  5.108230592014537E-01  2-1
 2.000000000000000E+01 -1.870230553016666E+04  0.000000000000000E+00  5.340089107918795E-01  0.000000000000000E+00  5.108218673019941E-01  2-1
 2.000000000000000E+01 -1.870239821418077E+04  0.000000000000000E+00  5.340080779970320E-01  0.000000000000000E+00  5.108209930684777E-01  2-1
 2.000000000000000E+01 -1.870246619632551E+04  0.000000000000000E+00  5.340074671594219E-01  0.000000000000000E+00  5.108203518364707E-01  2-1
 2.000000000000000E+01 -1.870251605999246E+04  0.000000000000000E+00  5.340070191228737E-01  0.000000000000000E+00  5.108198815062710E-01  2-1
 2.000000000000000E+01 -1.870255263404368E+04  0.000000000000000E+00  5.340066904975194E-01  0.000000000000000E+00  5.108195365289935E-01  2-1
 2.000000000000000E+01 -1.870257946039211E+04  0.000000000000000E+00  5.340064494577754E-01  0.000000000000000E+00  5.108192834954602E-01  2-1
 2.000000000000000E+01 -1.870259913697984E+04  0.000000000000000E+00  5.340062726602344E-01  0.000000000000000E+00  5.108190979007289E-01  2 1
 2.000000000000000E+01 -1.870261356935522E+04  0.000000000000000E+00  5.340061429829928E-01  0.000000000000000E+00  5.108189617709349E-01  2 1
 2.000000000000000E+01 -1.870262415520443E+04  0.000000000000000E+00  5.340060478674926E-01  0.000000000000000E+00  5.108188619226250E-01  2 1
 2.000000000000000E+01 -1.870263191970424E+04  0.000000000000000E+00  5.340059781022972E-01  0.000000000000000E+00  5.108187886860143E-01  2 1
 2.000000000000000E+01 -1.870263761480207E+04  0.000000000000000E+00  5.340059269310117E-01  0.000000000000000E+00  5.108187349685195E-01  2 1
 2.000000000000000E+01 -1.870264179203637E+04  0.000000000000000E+00  5.340058893979636E-01  0.000000000000000E+00  5.108186955678812E-01  2 1
 2.000000000000000E+01 -1.870264485594947E+04  0.000000000000000E+00  5.340058618682725E-01  0.000000000000000E+00  5.108186666683524E-01  2-1
 2.000000000000000E+01 -1.870264710326480E+04  0.000000000000000E+00  5.340058416758310E-01  0.000000000000000E+00  5.108186454711642E-01  2-1
 2.000000000000000E+01 -1.870264875162291E+04  0.000000000000000E+00  5.340058268651056E-01  0.000000000000000E+00  5.108186299234784E-01  2-1
 2.000000000000000E+01 -1.870264996065856E+04  0.000000000000000E+00  5.340058160017540E-01  0.000000000000000E+00  5.108186185195821E-01  2-1
 2.000000000000000E+01 -1.870265084746049E+04  0.000000000000000E+00  5.340058080337173E-01  0.000000000000000E+00  5.108186101550676E-01  2-1
 2.000000000000000E+01 -1.870265149791084E+04  0.000000000000000E+00  5.340058021893324E-01  0.000000000000000E+00  5.108186040198742E-01  2-1
 2.000000000000000E+01 -1.870265197500230E+04  0.000000000000000E+00  5.340057979026005E-01  0.000000000000000E+00  5.108185995198410E-01  2-1
 2.000000000000000E+01 -1.870265232493874E+04  0.000000000000000E+00  5.340057947583742E-01  0.000000000000000E+00  5.108185962191625E-01  2-1
 2.000000000000000E+01 -1.870265258160966E+04  0.000000000000000E+00  5.340057924521511E-01  0.000000000000000E+00  5.108185937981851E-01  2-1
 2.000000000000000E+01 -1.870265276987230E+04  0.000000000000000E+00  5.340057907605857E-01  0.000000000000000E+00  5.108185920224498E-01  2-1
 2.000000000000000E+01 -1.870265290795894E+04  0.000000000000000E+00  5.340057895198587E-01  0.000000000000000E+00  5.108185907199858E-01  2 1
 2.000000000000000E+01 -1.870265300924254E+04  0.000000000000000E+00  5.340057886098118E-01  0.000000000000000E+00  5.108185897646563E-01  2 1
 2.000000000000000E+01 -1.870265308353191E+04  0.000000000000000E+00  5.340057879423117E-01  0.000000000000000E+00  5.108185890639425E-01  2 1
 2.000000000000000E+01 -1.870265313802157E+04  0.000000000000000E+00  5.340057874527149E-01  0.000000000000000E+00  5.108185885499839E-01  2 1
 2.000000000000000E+01 -1.870265317798858E+04  0.000000000000000E+00  5.340057870936058E-01  0.000000000000000E+00  5.108185881730062E-01  2 1
 2.000000000000000E+01 -1.870265320730353E+04  0.000000000000000E+00  5.340057868302071E-01  0.000000000000000E+00  5.108185878965011E-01  2 1
 2.000000000000000E+01 -1.870265322880543E+04  0.000000000000000E+00  5.340057866370096E-01  0.000000000000000E+00  5.108185876936905E-01  2 1
 2.000000000000000E+01 -1.870265324457660E+04  0.000000000000000E+00  5.340057864953035E-01  0.000000000000000E+00  5.108185875449331E-01  2 1
 2.000000000000000E+01 -1.870265325614443E+04  0.000000000000000E+00  5.340057863913650E-01  0.000000000000000E+00  5.108185874358229E-01  2 1
 2.000000000000000E+01 -1.870265326462919E+04  0.000000000000000E+00  5.340057863151283E-01  0.000000000000000E+00  5.108185873557928E-01  2-1
 2.000000000000000E+01 -1.870265327085256E+04  0.000000000000000E+00  5.340057862592105E-01  0.000000000000000E+00  5.108185872970924E-01  2 1
 2.000000000000000E+01 -1.870265327541728E+04  0.000000000000000E+00  5.340057862181958E-01  0.000000000000000E+00  5.108185872540371E-01  2 1
 2.000000000000000E+01 -1.870265327876541E+04  0.000000000000000E+00  5.340057861881125E-01  0.000000000000000E+00  5.108185872224568E-01  2 1
 2.000000000000000E+01 -1.870265328122120E+04  0.000000000000000E+00  5.340057861660468E-01  0.000000000000000E+00  5.108185871992933E-01  2 1
 2.000000000000000E+01 -1.870265328302245E+04  0.000000000000000E+00  5.340057861498624E-01  0.000000000000000E+00  5.108185871823033E-01  2 1
 2.000000000000000E+01 -1.870265328434363E+04  0.000000000000000E+00  5.340057861379913E-01  0.000000000000000E+00  5.108185871698417E-01  2 1
 2.000000000000000E+01 -1.870265328531269E+04  0.000000000000000E+00  5.340057861292842E-01  0.000000000000000E+00  5.108185871607014E-01  2 1
 2.000000000000000E+01 -1.870265328602348E+04  0.000000000000000E+00  5.340057861228977E-01  0.000000000000000E+00  5.108185871539971E-01  2 1
 2.000000000000000E+01 -1.870265328654482E+04  0.000000000000000E+00  5.340057861182133E-01  0.000000000000000E+00  5.108185871490797E-01  2 1
 2.000000000000000E+01 -1.870265328692722E+04  0.000000000000000E+00  5.340057861147776E-01  0.000000000000000E+00  5.108185871454728E-01  2 1
 2.000000000000000E+01 -1.870265328720770E+04  0.000000000000000E+00  5.340057861122574E-01  0.000000000000000E+00  5.108185871428272E-01  2 1
 2.000000000000000E+01 -1.870265328741343E+04  0.000000000000000E+00  5.340057861104088E-01  0.000000000000000E+00  5.108185871408868E-01  2-1
 2.000000000000000E+01 -1.870265328756432E+04  0.000000000000000E+00  5.340057861090530E-01  0.000000000000000E+00  5.108185871394634E-01  2-1
 2.000000000000000E+01 -1.870265328767499E+04  0.000000000000000E+00  5.340057861080585E-01  0.000000000000000E+00  5.108185871384197E-01  2 1
 2.000000000000000E+01 -1.870265328775618E+04  0.000000000000000E+00  5.340057861073291E-01  0.000000000000000E+00  5.108185871376538E-01  2 1
 2.000000000000000E+01 -1.870265328781572E+04  0.000000000000000E+00  5.340057861067942E-01  0.000000000000000E+00  5.108185871370923E-01  2 1
 2.000000000000000E+01 -1.870265328785939E+04  0.000000000000000E+00  5.340057861064017E-01  0.000000000000000E+00  5.108185871366804E-01  2 1
 2.000000000000000E+01 -1.870265328789143E+04  0.000000000000000E+00  5.340057861061138E-01  0.000000000000000E+00  5.108185871363781E-01  2 1
 2.000000000000000E+01 -1.870265328791493E+04  0.000000000000000E+00  5.340057861059028E-01  0.000000000000000E+00  5.108185871361565E-01  2 1
 2.000000000000000E+01 -1.870265328793216E+04  0.000000000000000E+00  5.340057861057479E-01  0.000000000000000E+00  5.108185871359939E-01  2-1
 2.000000000000000E+01 -1.870265328794481E+04  0.000000000000000E+00  5.340057861056342E-01  0.000000000000000E+00  5.108185871358747E-01  2-1
 2.000000000000000E+01 -1.870265328795409E+04  0.000000000000000E+00  5.340057861055509E-01  0.000000000000000E+00  5.108185871357872E-01  2-1
 2.000000000000000E+01 -1.870265328796088E+04  0.000000000000000E+00  5.340057861054899E-01  0.000000000000000E+00  5.108185871357231E-01  2-1
 2.000000000000000E+01 -1.870265328796587E+04  0.000000000000000E+00  5.340057861054450E-01  0.000000000000000E+00  5.108185871356760E-01  2-1
 2.000000000000000E+01 -1.870265328796952E+04  0.000000000000000E+00  5.340057861054122E-01  0.000000000000000E+00  5.108185871356414E-01  2 1
 2.000000000000000E+01 -1.870265328797220E+04  0.000000000000000E+00  5.340057861053882E-01  0.000000000000000E+00  5.108185871356161E-01  2 1
 2.000000000000000E+01 -1.870265328797416E+04  0.000000000000000E+00  5.340057861053704E-01  0.000000000000000E+00  5.108185871355977E-01  2 1
 2.000000000000000E+01 -1.870265328797561E+04  0.000000000000000E+00  5.340057861053575E-01  0.000000000000000E+00  5.108185871355841E-01  2 1
 2.000000000000000E+01 -1.870265328797667E+04  0.000000000000000E+00  5.340057861053480E-01  0.000000000000000E+00  5.108185871355740E-01  2 1
 2.000000000000000E+01 -1.870265328797746E+04  0.000000000000000E+00  5.340057861053409E-01  0.000000000000000E+00  5.108185871355667E-01  2 1
 2.000000000000000E+01 -1.870265328797802E+04  0.000000000000000E+00  5.340057861053358E-01  0.000000000000000E+00  5.108185871355614E-01  2 1
