 Welcome to ...


                           STOMP
        Subsurface Transport Over Multiple Phases


 This file was produced by STOMP, a numericalsimulator
 developed by the Pacific Northwest Laboratory, with
 support from the VOC-Arid Integrated Demonstration Project,
 Office of Technology Development, U.S. Department of Energy.
 Results from this version of STOMP should not be used for
 license related applications.

 For inquiries or assistance:  Call (509) 372-6070

                       ---  RESTART  ---


Version: 3.2                                                             
Date: 
Time: 

 6.386731228080000E+10 3.890662979125977E+03 8.640000000000000E+04 1.000000000000000E+20 1.250000000000000E+00 9.999999999999999E-21 2.000000000000000E-01        8     5850       75        0        1        0        2
 2.000000000000000E+01  4.776073916045656E+04  0.000000000000000E+00  1.000000000000000E+00  0.000000000000000E+00  1.000000000000000E+00  2 1  0.000000000000000E+00  0.000000000000000E+00
 2.000000000000000E+01  4.531198345874209E+04  0.000000000000000E+00  1.000000000000000E+00  0.000000000000000E+00  1.000000000000000E+00  2 1  0.000000000000000E+00  0.000000000000000E+00
 2.000000000000000E+01  4.286323038823597E+04  0.000000000000000E+00  1.000000000000000E+00  0.000000000000000E+00  1.000000000000000E+00  2 1  0.000000000000000E+00  0.000000000000000E+00
 2.000000000000000E+01  4.041447994897854E+04  0.000000000000000E+00  1.000000000000000E+00  0.000000000000000E+00  1.000000000000000E+00  2 1  0.000000000000000E+00  0.000000000000000E+00
 2.000000000000000E+01  3.796573214103114E+04  0.000000000000000E+00  1.000000000000000E+00  0.000000000000000E+00  1.000000000000000E+00  2 1  0.000000000000000E+00  0.000000000000000E+00
 2.000000000000000E+01  3.551698696447504E+04  0.000000000000000E+00  1.000000000000000E+00  0.000000000000000E+00  1.000000000000000E+00  2 1  0.000000000000000E+00  0.000000000000000E+00
 2.000000000000000E+01  3.306824441940986E+04  0.000000000000000E+00  1.000000000000000E+00  0.000000000000000E+00  1.000000000000000E+00  2 1  0.000000000000000E+00  0.000000000000000E+00
 2.000000000000000E+01  3.061950450595144E+04  0.000000000000000E+00  1.000000000000000E+00  0.000000000000000E+00  1.000000000000000E+00  2 1  0.000000000000000E+00  0.000000000000000E+00
 2.000000000000000E+01  2.817076722422892E+04  0.000000000000000E+00  1.000000000000000E+00  0.000000000000000E+00  1.000000000000000E+00  2 1  0.000000000000000E+00  0.000000000000000E+00
 2.000000000000000E+01  2.572203257438129E+04  0.000000000000000E+00  1.000000000000000E+00  0.000000000000000E+00  1.000000000000000E+00  2 1  1.793272410257827E-19  5.185092931308639E-15
 2.000000000000000E+01  2.327330055655302E+04  0.000000000000000E+00  1.000000000000000E+00  0.000000000000000E+00  1.000000000000000E+00  2 1  7.651869482425121E-18  2.212472243100822E-13
 2.000000000000000E+01  2.082457117088880E+04  0.000000000000000E+00  1.000000000000000E+00  0.000000000000000E+00  1.000000000000000E+00  2 1  5.586122834879938E-14  5.761733198174538E-12
 2.000000000000000E+01  1.837584441752728E+04  0.000000000000000E+00  1.000000000000000E+00  0.000000000000000E+00  1.000000000000000E+00  2 1  1.043892684871609E-12  1.068144954945142E-10
 2.000000000000000E+01  1.592712029659351E+04  0.000000000000000E+00  1.000000000000000E+00  0.000000000000000E+00  1.000000000000000E+00  2 1  1.491742870221934E-11  1.501628364806831E-09
 2.000000000000000E+01  1.347839880819012E+04  0.000000000000000E+00  1.000000000000000E+00  0.000000000000000E+00  1.000000000000000E+00  2 1  1.743478874638584E-10  1.647123850943071E-08
 2.000000000000000E+01  1.102967995238682E+04  0.000000000000000E+00  1.000000000000000E+00  0.000000000000000E+00  1.000000000000000E+00  2 1  2.062397956754765E-09  1.489360271571685E-07
 2.000000000000000E+01  8.580963729207984E+03  0.000000000000000E+00  1.000000000000000E+00  0.000000000000000E+00  1.000000000000000E+00  2 1  2.899497536126516E-08  1.224661971511427E-06
 2.000000000000000E+01  6.132250138618170E+03  0.000000000000000E+00  1.000000000000000E+00  0.000000000000000E+00  1.000000000000000E+00  2 1  4.505326422239765E-07  1.055910723554562E-05
 2.000000000000000E+01  3.683539180504978E+03  0.000000000000000E+00  1.000000000000000E+00  0.000000000000000E+00  8.930642221171369E-01  2 1  6.862959440044709E-06  1.069133423113010E-04
 2.000000000000000E+01  1.234830854658999E+03  0.000000000000000E+00  1.000000000000000E+00  0.000000000000000E+00  7.783576904832311E-01  2 1  1.084694910624974E-04  8.773023119725935E-04
 2.000000000000000E+01 -1.213680501982505E+03  0.000000000000000E+00  9.446121378617404E-01  0.000000000000000E+00  7.009951559123906E-01  2 1  1.742020176141781E-03  6.020157161996210E-03
 2.000000000000000E+01 -3.632169177638683E+03  0.000000000000000E+00  8.240392548791092E-01  0.000000000000000E+00  6.493197486399327E-01  2 1  2.061614322189485E-03  7.679789175766958E-03
 2.000000000000000E+01 -5.982906745075960E+03  0.000000000000000E+00  7.398511706944718E-01  0.000000000000000E+00  6.117693825025218E-01  2 1  2.021294824588158E-03  8.439265534618363E-03
 2.000000000000000E+01 -8.214490874266241E+03  0.000000000000000E+00  6.817355764883483E-01  0.000000000000000E+00  5.839534614896985E-01  2 1  1.901081574709061E-03  8.817818531070111E-03
 2.000000000000000E+01 -1.026770161197273E+04  0.000000000000000E+00  6.404329454931971E-01  0.000000000000000E+00  5.629088210474014E-01  2-1  1.775881373463691E-03  8.967426314148885E-03
 2.000000000000000E+01 -1.211138838894240E+04  0.000000000000000E+00  6.102030512645705E-01  0.000000000000000E+00  5.464438352217045E-01  2-1  1.661832732222718E-03  8.983491571986843E-03
 2.000000000000000E+01 -1.372486012109191E+04  0.000000000000000E+00  5.876906429970624E-01  0.000000000000000E+00  5.338365944657818E-01  2-1  1.559739788429622E-03  8.949259687457300E-03
 2.000000000000000E+01 -1.510611861750231E+04  0.000000000000000E+00  5.707185793635590E-01  0.000000000000000E+00  5.240950537859286E-01  2-1  1.464092127762525E-03  8.865292934612041E-03
 2.000000000000000E+01 -1.626821829293922E+04  0.000000000000000E+00  5.577983428120256E-01  0.000000000000000E+00  5.165459983927913E-01  2-1  1.370531032846064E-03  8.733231034588050E-03
 2.000000000000000E+01 -1.723331493881248E+04  0.000000000000000E+00  5.478805015262633E-01  0.000000000000000E+00  5.107165314168269E-01  2-1  1.275594623655203E-03  8.551524632441750E-03
 2.000000000000000E+01 -1.802724540739609E+04  0.000000000000000E+00  5.402122305039303E-01  0.000000000000000E+00  5.062374870810596E-01  2-1  1.176607103201826E-03  8.315698837415448E-03
 2.000000000000000E+01 -1.867584413562813E+04  0.000000000000000E+00  5.342468818858017E-01  0.000000000000000E+00  5.027892956655360E-01  2-1  1.071591316220132E-03  8.020184913559320E-03
 2.000000000000000E+01 -1.920301034965911E+04  0.000000000000000E+00  5.295824214658434E-01  0.000000000000000E+00  5.001317794912781E-01  2-1  9.591916398208401E-04  7.658463430180828E-03
 2.000000000000000E+01 -1.962998757445562E+04  0.000000000000000E+00  5.259185054432840E-01  0.000000000000000E+00  4.980855998262556E-01  2-1  8.386763624973599E-04  7.223363155719452E-03
 2.000000000000000E+01 -1.997527966147852E+04  0.000000000000000E+00  5.230267823619432E-01  0.000000000000000E+00  4.965094905557190E-01  2-1  7.099948119922604E-04  6.707481165398672E-03
 2.000000000000000E+01 -2.025481545827695E+04  0.000000000000000E+00  5.207307151029187E-01  0.000000000000000E+00  4.952940957611937E-01  2-1  5.738761331332383E-04  6.103697809604474E-03
 2.000000000000000E+01 -2.048217460629539E+04  0.000000000000000E+00  5.188920209702259E-01  0.000000000000000E+00  4.943196296746429E-01  2-1  4.319454611405847E-04  5.405840096071575E-03
 2.000000000000000E+01 -2.066881453773755E+04  0.000000000000000E+00  5.174014846119050E-01  0.000000000000000E+00  4.933880795841960E-01  2-1  2.867973520327439E-04  4.609551379878509E-03
 2.000000000000000E+01 -2.082429306818446E+04  0.000000000000000E+00  5.161725373823089E-01  0.000000000000000E+00  4.920979817156298E-01  2-1  1.418951678152426E-04  3.713384330294696E-03
 2.000000000000000E+01 -2.095649189283177E+04  0.000000000000000E+00  5.151365553900396E-01  0.000000000000000E+00  4.910104507558677E-01  2-1  0.000000000000000E+00  0.000000000000000E+00
 2.000000000000000E+01 -2.107184123798179E+04  0.000000000000000E+00  5.142392485691303E-01  0.000000000000000E+00  4.900684952436807E-01  2-1  0.000000000000000E+00  0.000000000000000E+00
 2.000000000000000E+01 -2.117553990862975E+04  0.000000000000000E+00  5.134377878723135E-01  0.000000000000000E+00  4.892271550202745E-01  2-1  0.000000000000000E+00  0.000000000000000E+00
 2.000000000000000E+01 -2.127176274841331E+04  0.000000000000000E+00  5.126984763225035E-01  0.000000000000000E+00  4.884510563956577E-01  2-1  0.000000000000000E+00  0.000000000000000E+00
 2.000000000000000E+01 -2.136384867714842E+04  0.000000000000000E+00  5.119948514573505E-01  0.000000000000000E+00  4.877124201735781E-01  2-1  0.000000000000000E+00  0.000000000000000E+00
 2.000000000000000E+01 -2.145446519290551E+04  0.000000000000000E+00  5.113061449500182E-01  0.000000000000000E+00  4.869894446252554E-01  2-1  0.000000000000000E+00  0.000000000000000E+00
 2.000000000000000E+01 -2.154574805396386E+04  0.000000000000000E+00  5.106160421765552E-01  0.000000000000000E+00  4.862650033346160E-01  2-1  0.000000000000000E+00  0.000000000000000E+00
 2.000000000000000E+01 -2.163941704795141E+04  0.000000000000000E+00  5.099116927636146E-01  0.000000000000000E+00  4.855256065122975E-01  2-1  0.000000000000000E+00  0.000000000000000E+00
 2.000000000000000E+01 -2.173687012594477E+04  0.000000000000000E+00  5.091829286559826E-01  0.000000000000000E+00  4.847605801553460E-01  2-1  0.000000000000000E+00  0.000000000000000E+00
 2.000000000000000E+01 -2.183925883590113E+04  0.000000000000000E+00  5.084216512778070E-01  0.000000000000000E+00  4.839614227144731E-01  2-1  0.000000000000000E+00  0.000000000000000E+00
 2.000000000000000E+01 -2.194754813704736E+04  0.000000000000000E+00  5.076213544759156E-01  0.000000000000000E+00  4.831213042997224E-01  2-1  0.000000000000000E+00  0.000000000000000E+00
 2.000000000000000E+01 -2.206256351228493E+04  0.000000000000000E+00  5.067767550273360E-01  0.000000000000000E+00  4.822346788025782E-01  2-1  0.000000000000000E+00  0.000000000000000E+00
 2.000000000000000E+01 -2.218502797099588E+04  0.000000000000000E+00  5.058835073216805E-01  0.000000000000000E+00  4.812969843813569E-01  2-1  0.000000000000000E+00  0.000000000000000E+00
 2.000000000000000E+01 -2.231559115142523E+04  0.000000000000000E+00  5.049379831962341E-01  0.000000000000000E+00  4.803044123412073E-01  2-1  0.000000000000000E+00  0.000000000000000E+00
 2.000000000000000E+01 -2.245485235086597E+04  0.000000000000000E+00  5.039371017028388E-01  0.000000000000000E+00  4.792537284304417E-01  2-1  0.000000000000000E+00  0.000000000000000E+00
 2.000000000000000E+01 -2.260337896530685E+04  0.000000000000000E+00  5.028781967953301E-01  0.000000000000000E+00  4.781421339442894E-01  2-1  0.000000000000000E+00  0.000000000000000E+00
 2.000000000000000E+01 -2.276172152186462E+04  0.000000000000000E+00  5.017589135712706E-01  0.000000000000000E+00  4.769671568037693E-01  2-1  0.000000000000000E+00  0.000000000000000E+00
 2.000000000000000E+01 -2.293042624033451E+04  0.000000000000000E+00  5.005771258380053E-01  0.000000000000000E+00  4.757265650199510E-01  2-1  0.000000000000000E+00  0.000000000000000E+00
 2.000000000000000E+01 -2.311004586133899E+04  0.000000000000000E+00  4.993308694729990E-01  0.000000000000000E+00  4.744182967383991E-01  2-1  0.000000000000000E+00  0.000000000000000E+00
 2.000000000000000E+01 -2.481928382549340E+04  0.000000000000000E+00  5.672353640977326E-01  0.000000000000000E+00  5.175422119261233E-01  2-1  0.000000000000000E+00  0.000000000000000E+00
 2.000000000000000E+01 -2.653759313693135E+04  0.000000000000000E+00  5.561284179716846E-01  0.000000000000000E+00  5.051598862560586E-01  2-1  0.000000000000000E+00  0.000000000000000E+00
 2.000000000000000E+01 -2.817854831163519E+04  0.000000000000000E+00  5.463205050739109E-01  0.000000000000000E+00  4.942257581648951E-01  2-1  0.000000000000000E+00  0.000000000000000E+00
 2.000000000000000E+01 -2.974964451238064E+04  0.000000000000000E+00  5.375754848984952E-01  0.000000000000000E+00  4.844765717931941E-01  2-1  0.000000000000000E+00  0.000000000000000E+00
 2.000000000000000E+01 -3.126037802992376E+04  0.000000000000000E+00  5.296974100168389E-01  0.000000000000000E+00  4.756938796174347E-01  2-1  0.000000000000000E+00  0.000000000000000E+00
 2.000000000000000E+01 -3.272205704088366E+04  0.000000000000000E+00  5.225209828984363E-01  0.000000000000000E+00  4.676934034542211E-01  2-1  0.000000000000000E+00  0.000000000000000E+00
 2.000000000000000E+01 -3.414763034728036E+04  0.000000000000000E+00  5.159047065372172E-01  0.000000000000000E+00  4.603173985922154E-01  2-1  0.000000000000000E+00  0.000000000000000E+00
 2.000000000000000E+01 -3.555156038541578E+04  0.000000000000000E+00  5.097258496590258E-01  0.000000000000000E+00  4.534290408684791E-01  2-1  0.000000000000000E+00  0.000000000000000E+00
 2.000000000000000E+01 -3.694976580614974E+04  0.000000000000000E+00  5.038766405264853E-01  0.000000000000000E+00  4.469081834186012E-01  2-1  0.000000000000000E+00  0.000000000000000E+00
 2.000000000000000E+01 -3.835965801152623E+04  0.000000000000000E+00  4.982612927821969E-01  0.000000000000000E+00  4.406480410057936E-01  2-1  0.000000000000000E+00  0.000000000000000E+00
 2.000000000000000E+01 -3.980029629965929E+04  0.000000000000000E+00  4.927935917340769E-01  0.000000000000000E+00  4.345524991461281E-01  2-1  0.000000000000000E+00  0.000000000000000E+00
 2.000000000000000E+01 -4.129268894113672E+04  0.000000000000000E+00  4.873948531669782E-01  0.000000000000000E+00  4.285338385362076E-01  2-1  0.000000000000000E+00  0.000000000000000E+00
 2.000000000000000E+01 -4.286027390449039E+04  0.000000000000000E+00  4.819921232993606E-01  0.000000000000000E+00  4.225107283158981E-01  2-1  0.000000000000000E+00  0.000000000000000E+00
 2.000000000000000E+01 -4.452962459034206E+04  0.000000000000000E+00  4.765165270459601E-01  0.000000000000000E+00  4.164063846666223E-01  2-1  0.000000000000000E+00  0.000000000000000E+00
 2.000000000000000E+01 -4.633144477005045E+04  0.000000000000000E+00  4.709016988874672E-01  0.000000000000000E+00  4.101468215021932E-01  2-1  0.000000000000000E+00  0.000000000000000E+00
 2.000000000000000E+01 -4.830194560527655E+04  0.000000000000000E+00  4.650822520996920E-01  0.000000000000000E+00  4.036591439238483E-01  2-1  0.000000000000000E+00  0.000000000000000E+00
 2.000000000000000E+01 -5.048473973878854E+04  0.000000000000000E+00  4.589922643413121E-01  0.000000000000000E+00  3.968698599122766E-01  2-1  0.000000000000000E+00  0.000000000000000E+00
