 Welcome to ...


                           STOMP
        Subsurface Transport Over Multiple Phases


 This file was produced by STOMP, a numericalsimulator
 developed by the Pacific Northwest Laboratory, with
 support from the VOC-Arid Integrated Demonstration Project,
 Office of Technology Development, U.S. Department of Energy.
 Results from this version of STOMP should not be used for
 license related applications.

 For inquiries or assistance:  Call (509) 372-6070

                       ---  RESTART  ---


Version: 3.2                                                             
Date: 
Time: 

 6.386731228080000E+10 3.890662979125977E+03 8.640000000000000E+04 1.000000000000000E+20 1.250000000000000E+00 9.999999999999999E-21 2.000000000000000E-01        8     5850       75        0        1        0        2
 2.000000000000000E+01  4.229858849167827E+04  0.000000000000000E+00  1.000000000000000E+00  0.000000000000000E+00  1.000000000000000E+00  2 1  0.000000000000000E+00  0.000000000000000E+00
 2.000000000000000E+01  3.984983839727996E+04  0.000000000000000E+00  1.000000000000000E+00  0.000000000000000E+00  1.000000000000000E+00  2 1  0.000000000000000E+00  0.000000000000000E+00
 2.000000000000000E+01  3.740109088976127E+04  0.000000000000000E+00  1.000000000000000E+00  0.000000000000000E+00  1.000000000000000E+00  2 1  0.000000000000000E+00  0.000000000000000E+00
 2.000000000000000E+01  3.495234596914053E+04  0.000000000000000E+00  1.000000000000000E+00  0.000000000000000E+00  1.000000000000000E+00  2 1  0.000000000000000E+00  0.000000000000000E+00
 2.000000000000000E+01  3.250360363544537E+04  0.000000000000000E+00  1.000000000000000E+00  0.000000000000000E+00  1.000000000000000E+00  2 1  0.000000000000000E+00  0.000000000000000E+00
 2.000000000000000E+01  3.005486388871091E+04  0.000000000000000E+00  1.000000000000000E+00  0.000000000000000E+00  1.000000000000000E+00  2 1  0.000000000000000E+00  0.000000000000000E+00
 2.000000000000000E+01  2.760612672897709E+04  0.000000000000000E+00  1.000000000000000E+00  0.000000000000000E+00  1.000000000000000E+00  2 1  0.000000000000000E+00  0.000000000000000E+00
 2.000000000000000E+01  2.515739215628510E+04  0.000000000000000E+00  1.000000000000000E+00  0.000000000000000E+00  1.000000000000000E+00  2 1  2.044502374102978E-20  5.915148132811906E-16
 2.000000000000000E+01  2.270866017067277E+04  0.000000000000000E+00  1.000000000000000E+00  0.000000000000000E+00  1.000000000000000E+00  2 1  3.481269502179205E-19  1.007199845889411E-14
 2.000000000000000E+01  2.025993077216889E+04  0.000000000000000E+00  1.000000000000000E+00  0.000000000000000E+00  1.000000000000000E+00  2 1  4.530040024212995E-18  1.310629815817710E-13
 2.000000000000000E+01  1.781120396078628E+04  0.000000000000000E+00  1.000000000000000E+00  0.000000000000000E+00  1.000000000000000E+00  2 1  4.971927288184805E-17  1.438476503524692E-12
 2.000000000000000E+01  1.536247973651338E+04  0.000000000000000E+00  1.000000000000000E+00  0.000000000000000E+00  1.000000000000000E+00  2 1  5.526608468573475E-14  1.338965869767101E-11
 2.000000000000000E+01  1.291375809930425E+04  0.000000000000000E+00  1.000000000000000E+00  0.000000000000000E+00  1.000000000000000E+00  2 1  5.079930720685098E-13  1.150720125463857E-10
 2.000000000000000E+01  1.046503904906663E+04  0.000000000000000E+00  1.000000000000000E+00  0.000000000000000E+00  1.000000000000000E+00  2 1  5.646124219254936E-12  1.073697450955178E-09
 2.000000000000000E+01  8.016322585647887E+03  0.000000000000000E+00  1.000000000000000E+00  0.000000000000000E+00  1.000000000000000E+00  2 1  9.160338965948873E-11  1.177676242997737E-08
 2.000000000000000E+01  5.567608708818324E+03  0.000000000000000E+00  1.000000000000000E+00  0.000000000000000E+00  1.000000000000000E+00  2 1  2.493642831099382E-09  1.407152428138223E-07
 2.000000000000000E+01  3.118897418251617E+03  0.000000000000000E+00  1.000000000000000E+00  0.000000000000000E+00  9.025405120318047E-01  2 1  9.907218097647630E-08  1.666643959904623E-06
 2.000000000000000E+01  6.701887135017539E+02  0.000000000000000E+00  1.000000000000000E+00  0.000000000000000E+00  7.853973740308657E-01  2 1  4.011483066044505E-06  2.308375629443516E-05
 2.000000000000000E+01 -1.778507058393422E+03  0.000000000000000E+00  9.137783109865408E-01  0.000000000000000E+00  7.033017626640857E-01  2 1  1.260138734221048E-04  2.354175778151597E-04
 2.000000000000000E+01 -4.225879454795795E+03  0.000000000000000E+00  7.999362777305158E-01  0.000000000000000E+00  6.439620982572769E-01  2 1  5.649163518712782E-04  1.106317192282640E-03
 2.000000000000000E+01 -6.606378504924193E+03  0.000000000000000E+00  7.218791677284705E-01  0.000000000000000E+00  6.050867968539543E-01  2 1  1.216643310153975E-03  4.674047176384663E-03
 2.000000000000000E+01 -8.782793666742944E+03  0.000000000000000E+00  6.693337004832293E-01  0.000000000000000E+00  5.803691168169774E-01  2 1  1.443353291097507E-03  6.226081409640131E-03
 2.000000000000000E+01 -1.076214963500920E+04  0.000000000000000E+00  6.317777693018594E-01  0.000000000000000E+00  5.608545382633618E-01  2 1  1.572114101696456E-03  7.386937156378121E-03
 2.000000000000000E+01 -1.249573697978034E+04  0.000000000000000E+00  6.045435395835911E-01  0.000000000000000E+00  5.457813372541092E-01  2 1  1.611385874220826E-03  8.160917148615032E-03
 2.000000000000000E+01 -1.395366308940321E+04  0.000000000000000E+00  5.847451086521247E-01  0.000000000000000E+00  5.344009819749262E-01  2-1  1.595635039450087E-03  8.728316713475695E-03
 2.000000000000000E+01 -1.518679249925348E+04  0.000000000000000E+00  5.697840818176131E-01  0.000000000000000E+00  5.252583264906169E-01  2-1  1.545071458473222E-03  8.928386914671939E-03
 2.000000000000000E+01 -1.622199419080738E+04  0.000000000000000E+00  5.582910062115568E-01  0.000000000000000E+00  5.179501372232074E-01  2-1  1.480173701334778E-03  8.965608955462175E-03
 2.000000000000000E+01 -1.708884436094787E+04  0.000000000000000E+00  5.493219616001830E-01  0.000000000000000E+00  5.121378613941170E-01  2-1  1.408158708449520E-03  8.900243225869596E-03
 2.000000000000000E+01 -1.781505408765212E+04  0.000000000000000E+00  5.422209253788579E-01  0.000000000000000E+00  5.075655655169533E-01  2-1  1.330857900686011E-03  8.766649643623980E-03
 2.000000000000000E+01 -1.842407899214476E+04  0.000000000000000E+00  5.365319108637536E-01  0.000000000000000E+00  5.039805851851037E-01  2-1  1.247416618349947E-03  8.577642368583492E-03
 2.000000000000000E+01 -1.893484623776306E+04  0.000000000000000E+00  5.319352474015988E-01  0.000000000000000E+00  5.011677143865112E-01  2-1  1.156682865431255E-03  8.334348867346731E-03
 2.000000000000000E+01 -1.936256185372724E+04  0.000000000000000E+00  5.282016501144534E-01  0.000000000000000E+00  4.989609703704918E-01  2-1  1.057619724329954E-03  8.032779154023438E-03
 2.000000000000000E+01 -1.971978417619019E+04  0.000000000000000E+00  5.251604664369313E-01  0.000000000000000E+00  4.972322163099286E-01  2-1  9.494954940628157E-04  7.666831711566364E-03
 2.000000000000000E+01 -2.001731197206212E+04  0.000000000000000E+00  5.226789996863078E-01  0.000000000000000E+00  4.958806060389540E-01  2-1  8.320221779612438E-04  7.228653415247272E-03
 2.000000000000000E+01 -2.026474107745709E+04  0.000000000000000E+00  5.206499108900116E-01  0.000000000000000E+00  4.948257648354678E-01  2-1  7.054963235782792E-04  6.710595803643596E-03
 2.000000000000000E+01 -2.047072764786041E+04  0.000000000000000E+00  5.189839874046523E-01  0.000000000000000E+00  4.940037605450447E-01  2-1  5.709054100364488E-04  6.105157171959698E-03
 2.000000000000000E+01 -2.064306692970813E+04  0.000000000000000E+00  5.176061116692205E-01  0.000000000000000E+00  4.933640786392028E-01  2-1  4.300790673617704E-04  5.406124187704785E-03
 2.000000000000000E+01 -2.078869323853246E+04  0.000000000000000E+00  5.164529180398931E-01  0.000000000000000E+00  4.923923137097345E-01  2-1  2.857543929493270E-04  4.609110879649347E-03
 2.000000000000000E+01 -2.091367191362559E+04  0.000000000000000E+00  5.154712222436770E-01  0.000000000000000E+00  4.913617701487267E-01  2-1  1.414653685600570E-04  3.712617295693899E-03
 2.000000000000000E+01 -2.102321670555008E+04  0.000000000000000E+00  5.146167519126428E-01  0.000000000000000E+00  4.904647826082750E-01  2-1  0.000000000000000E+00  0.000000000000000E+00
 2.000000000000000E+01 -2.112173958284262E+04  0.000000000000000E+00  5.138529839903487E-01  0.000000000000000E+00  4.896630106974057E-01  2-1  0.000000000000000E+00  0.000000000000000E+00
 2.000000000000000E+01 -2.121292618436951E+04  0.000000000000000E+00  5.131500395002826E-01  0.000000000000000E+00  4.889250887048947E-01  2-1  0.000000000000000E+00  0.000000000000000E+00
 2.000000000000000E+01 -2.129982576737830E+04  0.000000000000000E+00  5.124836453598911E-01  0.000000000000000E+00  4.882255357546621E-01  2-1  0.000000000000000E+00  0.000000000000000E+00
 2.000000000000000E+01 -2.138494529781781E+04  0.000000000000000E+00  5.118341865342849E-01  0.000000000000000E+00  4.875437607960161E-01  2-1  0.000000000000000E+00  0.000000000000000E+00
 2.000000000000000E+01 -2.147034012202040E+04  0.000000000000000E+00  5.111858662031578E-01  0.000000000000000E+00  4.868631809816898E-01  2-1  0.000000000000000E+00  0.000000000000000E+00
 2.000000000000000E+01 -2.155769664116338E+04  0.000000000000000E+00  5.105259810449672E-01  0.000000000000000E+00  4.861704608912105E-01  2-1  0.000000000000000E+00  0.000000000000000E+00
 2.000000000000000E+01 -2.164840481555382E+04  0.000000000000000E+00  5.098443094328093E-01  0.000000000000000E+00  4.854548702842844E-01  2-1  0.000000000000000E+00  0.000000000000000E+00
 2.000000000000000E+01 -2.174361998621388E+04  0.000000000000000E+00  5.091326040862185E-01  0.000000000000000E+00  4.847077515076827E-01  2-1  0.000000000000000E+00  0.000000000000000E+00
 2.000000000000000E+01 -2.184431451396097E+04  0.000000000000000E+00  5.083841773802625E-01  0.000000000000000E+00  4.839220841699166E-01  2-1  0.000000000000000E+00  0.000000000000000E+00
 2.000000000000000E+01 -2.195132027390778E+04  0.000000000000000E+00  5.075935663160382E-01  0.000000000000000E+00  4.830921334411487E-01  2-1  0.000000000000000E+00  0.000000000000000E+00
 2.000000000000000E+01 -2.206536326752566E+04  0.000000000000000E+00  5.067562643303967E-01  0.000000000000000E+00  4.822131685181574E-01  2-1  0.000000000000000E+00  0.000000000000000E+00
 2.000000000000000E+01 -2.218709164803595E+04  0.000000000000000E+00  5.058685080734657E-01  0.000000000000000E+00  4.812812387922168E-01  2-1  0.000000000000000E+00  0.000000000000000E+00
 2.000000000000000E+01 -2.231709838200349E+04  0.000000000000000E+00  5.049271086110315E-01  0.000000000000000E+00  4.802929966523530E-01  2-1  0.000000000000000E+00  0.000000000000000E+00
 2.000000000000000E+01 -2.245593964448671E+04  0.000000000000000E+00  5.039293179666435E-01  0.000000000000000E+00  4.792455573867767E-01  2-1  0.000000000000000E+00  0.000000000000000E+00
 2.000000000000000E+01 -2.260414989998838E+04  0.000000000000000E+00  5.028727233584938E-01  0.000000000000000E+00  4.781363881571423E-01  2-1  0.000000000000000E+00  0.000000000000000E+00
 2.000000000000000E+01 -2.276225447628916E+04  0.000000000000000E+00  5.017551628256787E-01  0.000000000000000E+00  4.769632194264945E-01  2-1  0.000000000000000E+00  0.000000000000000E+00
 2.000000000000000E+01 -2.293078030407028E+04  0.000000000000000E+00  5.005746571340206E-01  0.000000000000000E+00  4.757239734768220E-01  2-1  0.000000000000000E+00  0.000000000000000E+00
 2.000000000000000E+01 -2.311026537717873E+04  0.000000000000000E+00  4.993293538887563E-01  0.000000000000000E+00  4.744167057408737E-01  2-1  0.000000000000000E+00  0.000000000000000E+00
 2.000000000000000E+01 -2.481946551864315E+04  0.000000000000000E+00  5.672341402705756E-01  0.000000000000000E+00  5.175408475703184E-01  2-1  0.000000000000000E+00  0.000000000000000E+00
 2.000000000000000E+01 -2.653774383919623E+04  0.000000000000000E+00  5.561274829869949E-01  0.000000000000000E+00  5.051588439096932E-01  2-1  0.000000000000000E+00  0.000000000000000E+00
 2.000000000000000E+01 -2.817867089813355E+04  0.000000000000000E+00  5.463197991061380E-01  0.000000000000000E+00  4.942249711328183E-01  2-1  0.000000000000000E+00  0.000000000000000E+00
 2.000000000000000E+01 -2.974974232981797E+04  0.000000000000000E+00  5.375749585815146E-01  0.000000000000000E+00  4.844759850407075E-01  2-1  0.000000000000000E+00  0.000000000000000E+00
 2.000000000000000E+01 -3.126045463844983E+04  0.000000000000000E+00  5.296970227949183E-01  0.000000000000000E+00  4.756934479319044E-01  2-1  0.000000000000000E+00  0.000000000000000E+00
 2.000000000000000E+01 -3.272211598710111E+04  0.000000000000000E+00  5.225207017542821E-01  0.000000000000000E+00  4.676930900270704E-01  2-1  0.000000000000000E+00  0.000000000000000E+00
 2.000000000000000E+01 -3.414767498443752E+04  0.000000000000000E+00  5.159045049279815E-01  0.000000000000000E+00  4.603171738327552E-01  2-1  0.000000000000000E+00  0.000000000000000E+00
 2.000000000000000E+01 -3.555159374729502E+04  0.000000000000000E+00  5.097257065729148E-01  0.000000000000000E+00  4.534288813521904E-01  2-1  0.000000000000000E+00  0.000000000000000E+00
 2.000000000000000E+01 -3.694979053312424E+04  0.000000000000000E+00  5.038765396221964E-01  0.000000000000000E+00  4.469080709277551E-01  2-1  0.000000000000000E+00  0.000000000000000E+00
 2.000000000000000E+01 -3.835967632167153E+04  0.000000000000000E+00  4.982612216007816E-01  0.000000000000000E+00  4.406479616508157E-01  2-1  0.000000000000000E+00  0.000000000000000E+00
 2.000000000000000E+01 -3.980030999486176E+04  0.000000000000000E+00  4.927935409853922E-01  0.000000000000000E+00  4.345524425701139E-01  2-1  0.000000000000000E+00  0.000000000000000E+00
 2.000000000000000E+01 -4.129269943747840E+04  0.000000000000000E+00  4.873948160961770E-01  0.000000000000000E+00  4.285337972086700E-01  2-1  0.000000000000000E+00  0.000000000000000E+00
 2.000000000000000E+01 -4.286028227716977E+04  0.000000000000000E+00  4.819920951370690E-01  0.000000000000000E+00  4.225106969198094E-01  2-1  0.000000000000000E+00  0.000000000000000E+00
 2.000000000000000E+01 -4.452963162540046E+04  0.000000000000000E+00  4.765165045415694E-01  0.000000000000000E+00  4.164063595781153E-01  2-1  0.000000000000000E+00  0.000000000000000E+00
 2.000000000000000E+01 -4.633145101777955E+04  0.000000000000000E+00  4.709016799199128E-01  0.000000000000000E+00  4.101468003566475E-01  2-1  0.000000000000000E+00  0.000000000000000E+00
 2.000000000000000E+01 -4.830195143334214E+04  0.000000000000000E+00  4.650822353545591E-01  0.000000000000000E+00  4.036591252559187E-01  2-1  0.000000000000000E+00  0.000000000000000E+00
 2.000000000000000E+01 -5.048474538739566E+04  0.000000000000000E+00  4.589922490362995E-01  0.000000000000000E+00  3.968698428498323E-01  2-1  0.000000000000000E+00  0.000000000000000E+00
