 Welcome to ...


                           STOMP
        Subsurface Transport Over Multiple Phases


 This file was produced by STOMP, a numericalsimulator
 developed by the Pacific Northwest Laboratory, with
 support from the VOC-Arid Integrated Demonstration Project,
 Office of Technology Development, U.S. Department of Energy.
 Results from this version of STOMP should not be used for
 license related applications.

 For inquiries or assistance:  Call (509) 372-6070

                       ---  RESTART  ---


Version: 3.2                                                             
Date: 
Time: 

 6.386731228080000E+10 3.890662979125977E+03 8.640000000000000E+04 1.000000000000000E+20 1.250000000000000E+00 9.999999999999999E-21 2.000000000000000E-01        8     5846      121        0        1        0        2
 2.000000000000000E+01  4.773411214020170E+04  0.000000000000000E+00  1.000000000000000E+00  0.000000000000000E+00  1.000000000000000E+00  2 1  0.000000000000000E+00  0.000000000000000E+00
 2.000000000000000E+01  4.528535732559302E+04  0.000000000000000E+00  1.000000000000000E+00  0.000000000000000E+00  1.000000000000000E+00  2 1  0.000000000000000E+00  0.000000000000000E+00
 2.000000000000000E+01  4.283660600181037E+04  0.000000000000000E+00  1.000000000000000E+00  0.000000000000000E+00  1.000000000000000E+00  2 1  1.152816337535613E-14  1.623781457973290E-14
 2.000000000000000E+01  4.038785816901572E+04  0.000000000000000E+00  1.000000000000000E+00  0.000000000000000E+00  1.000000000000000E+00  2 1  2.815564309422815E-13  4.107608803983655E-13
 2.000000000000000E+01  3.793911382744025E+04  0.000000000000000E+00  1.000000000000000E+00  0.000000000000000E+00  1.000000000000000E+00  2 1  4.540149520908872E-12  6.789409280255751E-12
 2.000000000000000E+01  3.549037297736522E+04  0.000000000000000E+00  1.000000000000000E+00  0.000000000000000E+00  1.000000000000000E+00  2 1  5.366577719957843E-11  8.243394110229737E-11
 2.000000000000000E+01  3.304163561909460E+04  0.000000000000000E+00  1.000000000000000E+00  0.000000000000000E+00  1.000000000000000E+00  2 1  4.782190801251832E-10  7.571062381948510E-10
 2.000000000000000E+01  3.059290175291887E+04  0.000000000000000E+00  1.000000000000000E+00  0.000000000000000E+00  1.000000000000000E+00  2 1  3.256407648393751E-09  5.336325089527592E-09
 2.000000000000000E+01  2.814417137906894E+04  0.000000000000000E+00  1.000000000000000E+00  0.000000000000000E+00  1.000000000000000E+00  2 1  1.704269855088574E-08  2.904464701241436E-08
 2.000000000000000E+01  2.569544449765911E+04  0.000000000000000E+00  1.000000000000000E+00  0.000000000000000E+00  1.000000000000000E+00  2 1  6.867592905891534E-08  1.221345117046542E-07
 2.000000000000000E+01  2.324672110861766E+04  0.000000000000000E+00  1.000000000000000E+00  0.000000000000000E+00  9.842147598179998E-01  2 1  2.148235173506430E-07  3.955642981486188E-07
 2.000000000000000E+01  2.079800121160320E+04  0.000000000000000E+00  1.000000000000000E+00  0.000000000000000E+00  9.124889129775856E-01  2 1  5.582911639850799E-07  1.049484735480724E-06
 2.000000000000000E+01  1.834928480590487E+04  0.000000000000000E+00  1.000000000000000E+00  0.000000000000000E+00  8.354155467339897E-01  2 1  1.315478073814076E-06  2.500721450068707E-06
 2.000000000000000E+01  1.590057189032367E+04  0.000000000000000E+00  1.000000000000000E+00  0.000000000000000E+00  7.676221014665382E-01  2 1  2.963389131706618E-06  5.640444697713357E-06
 2.000000000000000E+01  1.345186246303221E+04  0.000000000000000E+00  1.000000000000000E+00  0.000000000000000E+00  7.108970475843844E-01  2 1  6.543973683221035E-06  1.227495044751243E-05
 2.000000000000000E+01  1.100315652140901E+04  0.000000000000000E+00  1.000000000000000E+00  0.000000000000000E+00  6.638293765889257E-01  2 1  1.452561769475873E-05  2.628590818428515E-05
 2.000000000000000E+01  8.554454061843564E+03  0.000000000000000E+00  1.000000000000000E+00  0.000000000000000E+00  6.245146040545659E-01  2 1  3.398476734556237E-05  5.658941171623573E-05
 2.000000000000000E+01  6.105755079507026E+03  0.000000000000000E+00  1.000000000000000E+00  0.000000000000000E+00  5.897236049125172E-01  2 1  9.215128146554210E-05  1.290651257433169E-04
 2.000000000000000E+01  3.657059568082846E+03  0.000000000000000E+00  1.000000000000000E+00  0.000000000000000E+00  5.605437658973912E-01  2 1  2.941479638245752E-04  3.691003309555736E-04
 2.000000000000000E+01  1.208367519450637E+03  0.000000000000000E+00  1.000000000000000E+00  0.000000000000000E+00  5.358218647314118E-01  2 1  9.177631651093257E-04  1.244950414934417E-03
 2.000000000000000E+01 -1.239652609428451E+03  0.000000000000000E+00  9.808214153133884E-01  0.000000000000000E+00  5.502432514972071E-01  2 1  2.517080288856167E-03  4.952040240111697E-03
 2.000000000000000E+01 -3.664871046442922E+03  0.000000000000000E+00  9.129589672733990E-01  0.000000000000000E+00  5.695697482566456E-01  2 1  3.206905206247993E-03  6.659365194185958E-03
 2.000000000000000E+01 -6.051972872183559E+03  0.000000000000000E+00  8.425522133033461E-01  0.000000000000000E+00  5.741914382744486E-01  2 1  3.442802489384788E-03  7.593020089449043E-03
 2.000000000000000E+01 -8.376447847756725E+03  0.000000000000000E+00  7.816305581271802E-01  0.000000000000000E+00  5.721802232647215E-01  2 1  3.415888284391920E-03  8.067171333654458E-03
 2.000000000000000E+01 -1.060327364230342E+04  0.000000000000000E+00  7.317022131436476E-01  0.000000000000000E+00  5.663562303067047E-01  2-1  3.284702642671656E-03  8.304310668254978E-03
 2.000000000000000E+01 -1.270680274619514E+04  0.000000000000000E+00  6.913478850899438E-01  0.000000000000000E+00  5.577676028663990E-01  2-1  3.115193969169290E-03  8.397571107514939E-03
 2.000000000000000E+01 -1.466074663875575E+04  0.000000000000000E+00  6.588628630262520E-01  0.000000000000000E+00  5.483537481884172E-01  2-1  2.950349415939920E-03  8.432834873321452E-03
 2.000000000000000E+01 -1.439056463518275E+04  0.000000000000000E+00  5.792733276373369E-01  0.000000000000000E+00  5.254820496436337E-01  2-1  1.637484865535446E-03  9.255080610529537E-03
 2.000000000000000E+01 -1.569238935801404E+04  0.000000000000000E+00  5.640581723323891E-01  0.000000000000000E+00  5.191633488072701E-01  2-1  1.562130625814034E-03  9.195697142248950E-03
 2.000000000000000E+01 -1.678041417851895E+04  0.000000000000000E+00  5.524491809030544E-01  0.000000000000000E+00  5.135873284552107E-01  2-1  1.491279168672531E-03  9.110273211235207E-03
 2.000000000000000E+01 -1.767548431040284E+04  0.000000000000000E+00  5.435580956269757E-01  0.000000000000000E+00  5.088576890325234E-01  2-1  1.421668322936980E-03  8.996421036922313E-03
 2.000000000000000E+01 -1.840148353352149E+04  0.000000000000000E+00  5.367388557091695E-01  0.000000000000000E+00  5.049427812843955E-01  2-1  1.350671958732222E-03  8.850840843667085E-03
 2.000000000000000E+01 -1.898271888462709E+04  0.000000000000000E+00  5.315122275623577E-01  0.000000000000000E+00  5.016719016586425E-01  2-1  1.276127474994815E-03  8.669394135857576E-03
 2.000000000000000E+01 -1.944239704526465E+04  0.000000000000000E+00  5.275160035378738E-01  0.000000000000000E+00  4.991763895925616E-01  2-1  1.196241048945076E-03  8.447178997289768E-03
 2.000000000000000E+01 -1.980179543764739E+04  0.000000000000000E+00  5.244718677260878E-01  0.000000000000000E+00  4.972728430984719E-01  2-1  1.109549921953144E-03  8.178624983613679E-03
 2.000000000000000E+01 -2.007983348862468E+04  0.000000000000000E+00  5.221633559723635E-01  0.000000000000000E+00  4.958209641686985E-01  2 1  1.014928159815618E-03  7.857621057818232E-03
 2.000000000000000E+01 -2.029288982833052E+04  0.000000000000000E+00  5.204210195201059E-01  0.000000000000000E+00  4.947136084172003E-01  2 1  9.116260339771934E-04  7.477689284301331E-03
 2.000000000000000E+01 -2.045479608553276E+04  0.000000000000000E+00  5.191120901814295E-01  0.000000000000000E+00  4.938691358425389E-01  2 1  7.993361465265816E-04  7.032217904554311E-03
 2.000000000000000E+01 -2.057696651955898E+04  0.000000000000000E+00  5.181328965017244E-01  0.000000000000000E+00  4.932253062919701E-01  2 1  6.782819246478677E-04  6.514769243546067E-03
 2.000000000000000E+01 -2.066862447535674E+04  0.000000000000000E+00  5.174029939552995E-01  0.000000000000000E+00  4.927346494910627E-01  2 1  5.493255299464282E-04  5.919479985245917E-03
 2.000000000000000E+01 -2.073708488241080E+04  0.000000000000000E+00  5.168604436311475E-01  0.000000000000000E+00  4.923611423956724E-01  2 1  4.140913920772665E-04  5.241572726387886E-03
 2.000000000000000E+01 -2.078805567045499E+04  0.000000000000000E+00  5.164579449110361E-01  0.000000000000000E+00  4.920772569782874E-01  2 1  2.750969376196297E-04  4.477997399497610E-03
 2.000000000000000E+01 -2.082592963467588E+04  0.000000000000000E+00  5.161596623055300E-01  0.000000000000000E+00  4.918616040341311E-01  2 1  1.358736838770532E-04  3.628218639806625E-03
 2.000000000000000E+01 -2.085404859885485E+04  0.000000000000000E+00  5.159386434997321E-01  0.000000000000000E+00  4.916977625303895E-01  2 1  0.000000000000000E+00  0.000000000000000E+00
 2.000000000000000E+01 -2.087493092375979E+04  0.000000000000000E+00  5.157747457466733E-01  0.000000000000000E+00  4.915732260775776E-01  2 1  0.000000000000000E+00  0.000000000000000E+00
 2.000000000000000E+01 -2.089046020734014E+04  0.000000000000000E+00  5.156529944538537E-01  0.000000000000000E+00  4.914785009177327E-01  2 1  0.000000000000000E+00  0.000000000000000E+00
 2.000000000000000E+01 -2.090203730650064E+04  0.000000000000000E+00  5.155623020780169E-01  0.000000000000000E+00  4.914063973383297E-01  2 1  0.000000000000000E+00  0.000000000000000E+00
 2.000000000000000E+01 -2.091070004775799E+04  0.000000000000000E+00  5.154944810585522E-01  0.000000000000000E+00  4.913514618211013E-01  2 1  0.000000000000000E+00  0.000000000000000E+00
 2.000000000000000E+01 -2.091721581041431E+04  0.000000000000000E+00  5.154434919080206E-01  0.000000000000000E+00  4.913095663406418E-01  2-1  0.000000000000000E+00  0.000000000000000E+00
 2.000000000000000E+01 -2.092215211609887E+04  0.000000000000000E+00  5.154048759878840E-01  0.000000000000000E+00  4.912775800736249E-01  2-1  0.000000000000000E+00  0.000000000000000E+00
 2.000000000000000E+01 -2.092592985355576E+04  0.000000000000000E+00  5.153753310292266E-01  0.000000000000000E+00  4.912531305742575E-01  2-1  0.000000000000000E+00  0.000000000000000E+00
 2.000000000000000E+01 -2.092886307668774E+04  0.000000000000000E+00  5.153523954393209E-01  0.000000000000000E+00  4.912344169662456E-01  2-1  0.000000000000000E+00  0.000000000000000E+00
 2.000000000000000E+01 -2.093118859594844E+04  0.000000000000000E+00  5.153342144820884E-01  0.000000000000000E+00  4.912179450788247E-01  2-1  0.000000000000000E+00  0.000000000000000E+00
 2.000000000000000E+01 -2.093308792125808E+04  0.000000000000000E+00  5.153193673857261E-01  0.000000000000000E+00  4.912023592123937E-01  2-1  0.000000000000000E+00  0.000000000000000E+00
 2.000000000000000E+01 -2.093470354435135E+04  0.000000000000000E+00  5.153067393217091E-01  0.000000000000000E+00  4.911891027941519E-01  2-1  0.000000000000000E+00  0.000000000000000E+00
 2.000000000000000E+01 -2.093615107822482E+04  0.000000000000000E+00  5.152954261115880E-01  0.000000000000000E+00  4.911772266550367E-01  2-1  0.000000000000000E+00  0.000000000000000E+00
 2.000000000000000E+01 -2.093752839530206E+04  0.000000000000000E+00  5.152846625864578E-01  0.000000000000000E+00  4.911659275524436E-01  2-1  0.000000000000000E+00  0.000000000000000E+00
 2.000000000000000E+01 -2.093892261189996E+04  0.000000000000000E+00  5.152737678929857E-01  0.000000000000000E+00  4.911544907547615E-01  2-1  0.000000000000000E+00  0.000000000000000E+00
 2.000000000000000E+01 -2.094041554054153E+04  0.000000000000000E+00  5.152621028459361E-01  0.000000000000000E+00  4.911422452718204E-01  2-1  0.000000000000000E+00  0.000000000000000E+00
 2.000000000000000E+01 -2.094208806008058E+04  0.000000000000000E+00  5.152490357906772E-01  0.000000000000000E+00  4.911285280187667E-01  2-1  0.000000000000000E+00  0.000000000000000E+00
 2.000000000000000E+01 -2.094402372454528E+04  0.000000000000000E+00  5.152339144614873E-01  0.000000000000000E+00  4.911126542740785E-01  2-1  0.000000000000000E+00  0.000000000000000E+00
 2.000000000000000E+01 -2.094631183510156E+04  0.000000000000000E+00  5.152160420849157E-01  0.000000000000000E+00  4.910938925938649E-01  2-1  0.000000000000000E+00  0.000000000000000E+00
 2.000000000000000E+01 -2.094905012760502E+04  0.000000000000000E+00  5.151946565467842E-01  0.000000000000000E+00  4.910714429422466E-01  2-1  0.000000000000000E+00  0.000000000000000E+00
 2.000000000000000E+01 -2.095234717467250E+04  0.000000000000000E+00  5.151689118662552E-01  0.000000000000000E+00  4.910444172436020E-01  2-1  0.000000000000000E+00  0.000000000000000E+00
 2.000000000000000E+01 -2.095632456143650E+04  0.000000000000000E+00  5.151378615376627E-01  0.000000000000000E+00  4.910118218955099E-01  2-1  0.000000000000000E+00  0.000000000000000E+00
 2.000000000000000E+01 -2.096111886478492E+04  0.000000000000000E+00  5.151004435371083E-01  0.000000000000000E+00  4.909725420292969E-01  2-1  0.000000000000000E+00  0.000000000000000E+00
 2.000000000000000E+01 -2.096688344458567E+04  0.000000000000000E+00  5.150554669646865E-01  0.000000000000000E+00  4.909253274875987E-01  2-1  0.000000000000000E+00  0.000000000000000E+00
 2.000000000000000E+01 -2.097379004054581E+04  0.000000000000000E+00  5.150016004170563E-01  0.000000000000000E+00  4.908687806183670E-01  2-1  0.000000000000000E+00  0.000000000000000E+00
 2.000000000000000E+01 -2.098203015890900E+04  0.000000000000000E+00  5.149373622669011E-01  0.000000000000000E+00  4.908013460706500E-01  2-1  0.000000000000000E+00  0.000000000000000E+00
 2.000000000000000E+01 -2.099181622844783E+04  0.000000000000000E+00  5.148611130707516E-01  0.000000000000000E+00  4.907213028246394E-01  2-1  0.000000000000000E+00  0.000000000000000E+00
 2.000000000000000E+01 -2.100338250466310E+04  0.000000000000000E+00  5.147710503380638E-01  0.000000000000000E+00  4.906267587004660E-01  2-1  0.000000000000000E+00  0.000000000000000E+00
 2.000000000000000E+01 -2.101698570432952E+04  0.000000000000000E+00  5.146652058751688E-01  0.000000000000000E+00  4.905156475699862E-01  2-1  0.000000000000000E+00  0.000000000000000E+00
 2.000000000000000E+01 -2.103290535908366E+04  0.000000000000000E+00  5.145414458706061E-01  0.000000000000000E+00  4.903857294463638E-01  2-1  0.000000000000000E+00  0.000000000000000E+00
 2.000000000000000E+01 -2.105144388610385E+04  0.000000000000000E+00  5.143974738170984E-01  0.000000000000000E+00  4.902345935514366E-01  2-1  0.000000000000000E+00  0.000000000000000E+00
 2.000000000000000E+01 -2.107292638544488E+04  0.000000000000000E+00  5.142308362746062E-01  0.000000000000000E+00  4.900596643655325E-01  2-1  0.000000000000000E+00  0.000000000000000E+00
 2.000000000000000E+01 -2.109770018651402E+04  0.000000000000000E+00  5.140389313742710E-01  0.000000000000000E+00  4.898582105545571E-01  2-1  0.000000000000000E+00  0.000000000000000E+00
 2.000000000000000E+01 -2.112613417968339E+04  0.000000000000000E+00  5.138190198512381E-01  0.000000000000000E+00  4.896273565517931E-01  2-1  0.000000000000000E+00  0.000000000000000E+00
 2.000000000000000E+01 -2.115861798227515E+04  0.000000000000000E+00  5.135682382825528E-01  0.000000000000000E+00  4.893640964544960E-01  2-1  0.000000000000000E+00  0.000000000000000E+00
 2.000000000000000E+01 -2.119556100032026E+04  0.000000000000000E+00  5.132836141018176E-01  0.000000000000000E+00  4.890653097856578E-01  2-1  0.000000000000000E+00  0.000000000000000E+00
 2.000000000000000E+01 -2.123739145787957E+04  0.000000000000000E+00  5.129620818718215E-01  0.000000000000000E+00  4.887277785763400E-01  2-1  0.000000000000000E+00  0.000000000000000E+00
 2.000000000000000E+01 -2.128455547380006E+04  0.000000000000000E+00  5.126005002256373E-01  0.000000000000000E+00  4.883482051497348E-01  2-1  0.000000000000000E+00  0.000000000000000E+00
 2.000000000000000E+01 -2.133751627126279E+04  0.000000000000000E+00  5.121956688398128E-01  0.000000000000000E+00  4.879232299389175E-01  2-1  0.000000000000000E+00  0.000000000000000E+00
 2.000000000000000E+01 -2.139675360831265E+04  0.000000000000000E+00  5.117443447825251E-01  0.000000000000000E+00  4.874494486484622E-01  2-1  0.000000000000000E+00  0.000000000000000E+00
 2.000000000000000E+01 -2.146276351795022E+04  0.000000000000000E+00  5.112432575851285E-01  0.000000000000000E+00  4.869234280759274E-01  2-1  0.000000000000000E+00  0.000000000000000E+00
 2.000000000000000E+01 -2.153605844476693E+04  0.000000000000000E+00  5.106891224155468E-01  0.000000000000000E+00  4.863417199407378E-01  2-1  0.000000000000000E+00  0.000000000000000E+00
 2.000000000000000E+01 -2.161716786216283E+04  0.000000000000000E+00  5.100786507828923E-01  0.000000000000000E+00  4.857008721214490E-01  2-1  0.000000000000000E+00  0.000000000000000E+00
 2.000000000000000E+01 -2.170663945070637E+04  0.000000000000000E+00  5.094085582695179E-01  0.000000000000000E+00  4.849974367725362E-01  2-1  0.000000000000000E+00  0.000000000000000E+00
 2.000000000000000E+01 -2.180504091509082E+04  0.000000000000000E+00  5.086755688634694E-01  0.000000000000000E+00  4.842279748724223E-01  2-1  0.000000000000000E+00  0.000000000000000E+00
 2.000000000000000E+01 -2.191296251536368E+04  0.000000000000000E+00  5.078764155446662E-01  0.000000000000000E+00  4.833890568388267E-01  2-1  0.000000000000000E+00  0.000000000000000E+00
 2.000000000000000E+01 -2.203102038864813E+04  0.000000000000000E+00  5.070078368556634E-01  0.000000000000000E+00  4.824772589288929E-01  2-1  0.000000000000000E+00  0.000000000000000E+00
 2.000000000000000E+01 -2.215986074140913E+04  0.000000000000000E+00  5.060665692566730E-01  0.000000000000000E+00  4.814891552138075E-01  2-1  0.000000000000000E+00  0.000000000000000E+00
 2.000000000000000E+01 -2.230016500044390E+04  0.000000000000000E+00  5.050493351192933E-01  0.000000000000000E+00  4.804213049751136E-01  2-1  0.000000000000000E+00  0.000000000000000E+00
 2.000000000000000E+01 -2.245265602421169E+04  0.000000000000000E+00  5.039528262497471E-01  0.000000000000000E+00  4.792702354080906E-01  2-1  0.000000000000000E+00  0.000000000000000E+00
 2.000000000000000E+01 -2.261810549598762E+04  0.000000000000000E+00  5.027736828467173E-01  0.000000000000000E+00  4.780324195325607E-01  2-1  0.000000000000000E+00  0.000000000000000E+00
 2.000000000000000E+01 -2.279734264791828E+04  0.000000000000000E+00  5.015084677882166E-01  0.000000000000000E+00  4.767042492003113E-01  2-1  0.000000000000000E+00  0.000000000000000E+00
 2.000000000000000E+01 -2.299126450196412E+04  0.000000000000000E+00  5.001536361039457E-01  0.000000000000000E+00  4.752820030484418E-01  2-1  0.000000000000000E+00  0.000000000000000E+00
 2.000000000000000E+01 -2.320084786197564E+04  0.000000000000000E+00  4.987054994220057E-01  0.000000000000000E+00  4.737618091769953E-01  2-1  0.000000000000000E+00  0.000000000000000E+00
 2.000000000000000E+01 -2.342716335347274E+04  0.000000000000000E+00  4.971601850791107E-01  0.000000000000000E+00  4.721396022245546E-01  2-1  0.000000000000000E+00  0.000000000000000E+00
 2.000000000000000E+01 -2.367139188772059E+04  0.000000000000000E+00  4.955135894483246E-01  0.000000000000000E+00  4.704110743736349E-01  2-1  0.000000000000000E+00  0.000000000000000E+00
 2.000000000000000E+01 -2.393484402939881E+04  0.000000000000000E+00  4.937613248631295E-01  0.000000000000000E+00  4.685716196337702E-01  2-1  0.000000000000000E+00  0.000000000000000E+00
 2.000000000000000E+01 -2.421898287936463E+04  0.000000000000000E+00  4.918986592946114E-01  0.000000000000000E+00  4.666162705171231E-01  2-1  0.000000000000000E+00  0.000000000000000E+00
 2.000000000000000E+01 -2.452545125515042E+04  0.000000000000000E+00  4.899204476599970E-01  0.000000000000000E+00  4.645396259290332E-01  2-1  0.000000000000000E+00  0.000000000000000E+00
 2.000000000000000E+01 -2.485610417502420E+04  0.000000000000000E+00  4.878210532918175E-01  0.000000000000000E+00  4.623357687296005E-01  2-1  0.000000000000000E+00  0.000000000000000E+00
 2.000000000000000E+01 -2.521304794504404E+04  0.000000000000000E+00  4.855942576580378E-01  0.000000000000000E+00  4.599981709616185E-01  2-1  0.000000000000000E+00  0.000000000000000E+00
 2.000000000000000E+01 -2.559868753849778E+04  0.000000000000000E+00  4.832331558670392E-01  0.000000000000000E+00  4.575195841560353E-01  2-1  0.000000000000000E+00  0.000000000000000E+00
 2.000000000000000E+01 -2.601578448044852E+04  0.000000000000000E+00  4.807300347787761E-01  0.000000000000000E+00  4.548919113780980E-01  2-1  0.000000000000000E+00  0.000000000000000E+00
 2.000000000000000E+01 -2.646752816019059E+04  0.000000000000000E+00  4.780762296204700E-01  0.000000000000000E+00  4.521060567084506E-01  2-1  0.000000000000000E+00  0.000000000000000E+00
 2.000000000000000E+01 -2.695762446921761E+04  0.000000000000000E+00  4.752619537951140E-01  0.000000000000000E+00  4.491517465831555E-01  2-1  0.000000000000000E+00  0.000000000000000E+00
 2.000000000000000E+01 -2.749040701721351E+04  0.000000000000000E+00  4.722760949643011E-01  0.000000000000000E+00  4.460173157298982E-01  2-1  0.000000000000000E+00  0.000000000000000E+00
 2.000000000000000E+01 -2.807097808691896E+04  0.000000000000000E+00  4.691059683256490E-01  0.000000000000000E+00  4.426894481688526E-01  2-1  0.000000000000000E+00  0.000000000000000E+00
 2.000000000000000E+01 -2.870538921504804E+04  0.000000000000000E+00  4.657370150587071E-01  0.000000000000000E+00  4.391528606536921E-01  2-1  0.000000000000000E+00  0.000000000000000E+00
 2.000000000000000E+01 -2.940087524152738E+04  0.000000000000000E+00  4.621524298401783E-01  0.000000000000000E+00  4.353899116525071E-01  2-1  0.000000000000000E+00  0.000000000000000E+00
 2.000000000000000E+01 -3.016616150329824E+04  0.000000000000000E+00  4.583326956152961E-01  0.000000000000000E+00  4.313801129700778E-01  2-1  0.000000000000000E+00  0.000000000000000E+00
 2.000000000000000E+01 -3.101187261186105E+04  0.000000000000000E+00  4.542549956697359E-01  0.000000000000000E+00  4.270995125653326E-01  2-1  0.000000000000000E+00  0.000000000000000E+00
 2.000000000000000E+01 -3.195108468055275E+04  0.000000000000000E+00  4.498924612459734E-01  0.000000000000000E+00  4.225199047301841E-01  2-1  0.000000000000000E+00  0.000000000000000E+00
 2.000000000000000E+01 -3.300008389618609E+04  0.000000000000000E+00  4.452131955299952E-01  0.000000000000000E+00  4.176078055112273E-01  2-1  0.000000000000000E+00  0.000000000000000E+00
 2.000000000000000E+01 -3.417942807316498E+04  0.000000000000000E+00  4.401789886037420E-01  0.000000000000000E+00  4.123231037200735E-01  2-1  0.000000000000000E+00  0.000000000000000E+00
 2.000000000000000E+01 -3.551546345832567E+04  0.000000000000000E+00  4.347435975757783E-01  0.000000000000000E+00  4.066172554858055E-01  2-1  0.000000000000000E+00  0.000000000000000E+00
 2.000000000000000E+01 -3.704254358927240E+04  0.000000000000000E+00  4.288504023967461E-01  0.000000000000000E+00  4.004308234271952E-01  2-1  0.000000000000000E+00  0.000000000000000E+00
 2.000000000000000E+01 -3.880636324260741E+04  0.000000000000000E+00  4.224291446134454E-01  0.000000000000000E+00  3.936900531318973E-01  2-1  0.000000000000000E+00  0.000000000000000E+00
 2.000000000000000E+01 -4.086912440166913E+04  0.000000000000000E+00  4.153912838760054E-01  0.000000000000000E+00  3.863019986101253E-01  2-1  0.000000000000000E+00  0.000000000000000E+00
