 Welcome to ...


                           STOMP
        Subsurface Transport Over Multiple Phases


 This file was produced by STOMP, a numericalsimulator
 developed by the Pacific Northwest Laboratory, with
 support from the VOC-Arid Integrated Demonstration Project,
 Office of Technology Development, U.S. Department of Energy.
 Results from this version of STOMP should not be used for
 license related applications.

 For inquiries or assistance:  Call (509) 372-6070

                       ---  RESTART  ---


Version: 3.2                                                             
Date: 
Time: 

 6.386731228080000E+10 3.890662979125977E+03 8.640000000000000E+04 1.000000000000000E+20 1.250000000000000E+00 9.999999999999999E-21 2.000000000000000E-01        8     5850       75        0        1        0        2
 2.000000000000000E+01  4.043336243178442E+04  0.000000000000000E+00  1.000000000000000E+00  0.000000000000000E+00  1.000000000000000E+00  2 1  0.000000000000000E+00  0.000000000000000E+00
 2.000000000000000E+01  3.798461428074945E+04  0.000000000000000E+00  1.000000000000000E+00  0.000000000000000E+00  1.000000000000000E+00  2 1  0.000000000000000E+00  0.000000000000000E+00
 2.000000000000000E+01  3.553586872999238E+04  0.000000000000000E+00  1.000000000000000E+00  0.000000000000000E+00  1.000000000000000E+00  2 1  0.000000000000000E+00  0.000000000000000E+00
 2.000000000000000E+01  3.308712577946282E+04  0.000000000000000E+00  1.000000000000000E+00  0.000000000000000E+00  1.000000000000000E+00  2 1  0.000000000000000E+00  0.000000000000000E+00
 2.000000000000000E+01  3.063838542908327E+04  0.000000000000000E+00  1.000000000000000E+00  0.000000000000000E+00  1.000000000000000E+00  2 1  0.000000000000000E+00  0.000000000000000E+00
 2.000000000000000E+01  2.818964767874456E+04  0.000000000000000E+00  1.000000000000000E+00  0.000000000000000E+00  1.000000000000000E+00  2 1  0.000000000000000E+00  0.000000000000000E+00
 2.000000000000000E+01  2.574091252829958E+04  0.000000000000000E+00  1.000000000000000E+00  0.000000000000000E+00  1.000000000000000E+00  2 1  0.000000000000000E+00  0.000000000000000E+00
 2.000000000000000E+01  2.329217997755501E+04  0.000000000000000E+00  1.000000000000000E+00  0.000000000000000E+00  1.000000000000000E+00  2 1  3.456792965479111E-21  1.000148376224234E-16
 2.000000000000000E+01  2.084345002626079E+04  0.000000000000000E+00  1.000000000000000E+00  0.000000000000000E+00  1.000000000000000E+00  2 1  2.749699022232159E-19  7.955660159364980E-15
 2.000000000000000E+01  1.839472267409724E+04  0.000000000000000E+00  1.000000000000000E+00  0.000000000000000E+00  1.000000000000000E+00  2 1  4.327137198287489E-18  1.251963675803531E-13
 2.000000000000000E+01  1.594599792065931E+04  0.000000000000000E+00  1.000000000000000E+00  0.000000000000000E+00  1.000000000000000E+00  2 1  5.667072868656855E-17  1.639645114573176E-12
 2.000000000000000E+01  1.349727576543774E+04  0.000000000000000E+00  1.000000000000000E+00  0.000000000000000E+00  1.000000000000000E+00  2 1  6.684027854452590E-14  1.810536387868981E-11
 2.000000000000000E+01  1.104855620779651E+04  0.000000000000000E+00  1.000000000000000E+00  0.000000000000000E+00  1.000000000000000E+00  2 1  1.187238542772902E-12  1.729332457213487E-10
 2.000000000000000E+01  8.599839246946109E+03  0.000000000000000E+00  1.000000000000000E+00  0.000000000000000E+00  1.000000000000000E+00  2 1  3.453407338382470E-11  1.521898417821659E-09
 2.000000000000000E+01  6.151124881911966E+03  0.000000000000000E+00  1.000000000000000E+00  0.000000000000000E+00  1.000000000000000E+00  2 1  1.177007654746890E-09  1.358044296161700E-08
 2.000000000000000E+01  3.702413111497145E+03  0.000000000000000E+00  1.000000000000000E+00  0.000000000000000E+00  9.937442398044605E-01  2 1  3.654614855209760E-08  1.404099019883568E-07
 2.000000000000000E+01  1.253703934238509E+03  0.000000000000000E+00  1.000000000000000E+00  0.000000000000000E+00  8.615132691242241E-01  2 1  9.670708104807874E-07  2.221552854797628E-06
 2.000000000000000E+01 -1.194995836353489E+03  0.000000000000000E+00  9.456361281591633E-01  0.000000000000000E+00  7.562689649739425E-01  2 1  2.037612156928241E-05  2.652264102363975E-05
 2.000000000000000E+01 -3.642710991111100E+03  0.000000000000000E+00  8.235922698607795E-01  0.000000000000000E+00  6.824144849771180E-01  2 1  1.852333343739893E-04  2.209896491167035E-04
 2.000000000000000E+01 -6.087058093137254E+03  0.000000000000000E+00  7.367415615356977E-01  0.000000000000000E+00  6.282226250593806E-01  2 1  5.669798393640906E-04  1.030779520946572E-03
 2.000000000000000E+01 -8.400157254344918E+03  0.000000000000000E+00  6.775926736638012E-01  0.000000000000000E+00  5.927860125500922E-01  2 1  1.091788687639013E-03  4.485315240683224E-03
 2.000000000000000E+01 -1.039382209394775E+04  0.000000000000000E+00  6.381834189043532E-01  0.000000000000000E+00  5.712791877648183E-01  2 1  1.300769006180380E-03  6.004001152298323E-03
 2.000000000000000E+01 -1.214541937571362E+04  0.000000000000000E+00  6.096938573090570E-01  0.000000000000000E+00  5.545556819686899E-01  2 1  1.450039201367960E-03  7.171911468985943E-03
 2.000000000000000E+01 -1.362527705414641E+04  0.000000000000000E+00  5.889904334337059E-01  0.000000000000000E+00  5.418139239934050E-01  2 1  1.529698187873809E-03  8.009371548444586E-03
 2.000000000000000E+01 -1.482568628111755E+04  0.000000000000000E+00  5.740133818749275E-01  0.000000000000000E+00  5.322261553513008E-01  2-1  1.546127130437614E-03  8.620793488841894E-03
 2.000000000000000E+01 -1.583364907161493E+04  0.000000000000000E+00  5.624974666655767E-01  0.000000000000000E+00  5.242928492859031E-01  2-1  1.518751553954285E-03  8.874902570852770E-03
 2.000000000000000E+01 -1.668502283391397E+04  0.000000000000000E+00  5.534304178793210E-01  0.000000000000000E+00  5.177557626956123E-01  2-1  1.467156688626245E-03  8.948114270079967E-03
 2.000000000000000E+01 -1.741041515486989E+04  0.000000000000000E+00  5.461332991784700E-01  0.000000000000000E+00  5.124007324248235E-01  2-1  1.401761057886637E-03  8.902336852251860E-03
 2.000000000000000E+01 -1.803377001110596E+04  0.000000000000000E+00  5.401509228564993E-01  0.000000000000000E+00  5.080391801922925E-01  2-1  1.327465013946954E-03  8.776156666430932E-03
 2.000000000000000E+01 -1.857253357918230E+04  0.000000000000000E+00  5.351799407041716E-01  0.000000000000000E+00  5.044932245076723E-01  2-1  1.245741822254671E-03  8.588129724162140E-03
 2.000000000000000E+01 -1.903910807002771E+04  0.000000000000000E+00  5.310156313008026E-01  0.000000000000000E+00  5.016128255940303E-01  2-1  1.155989849966690E-03  8.343185876750240E-03
 2.000000000000000E+01 -1.944263267764657E+04  0.000000000000000E+00  5.275139850040962E-01  0.000000000000000E+00  4.992854260684414E-01  2-1  1.057468139720921E-03  8.039223745628892E-03
 2.000000000000000E+01 -1.979050716832077E+04  0.000000000000000E+00  5.245664389648246E-01  0.000000000000000E+00  4.974462902344978E-01  2-1  9.496811169316484E-04  7.670944516139025E-03
 2.000000000000000E+01 -2.008941282290536E+04  0.000000000000000E+00  5.220845265684226E-01  0.000000000000000E+00  4.960166364632351E-01  2-1  8.324628489532858E-04  7.231259466233246E-03
 2.000000000000000E+01 -2.034582557777609E+04  0.000000000000000E+00  5.199916383859067E-01  0.000000000000000E+00  4.949089277885534E-01  2-1  7.061721545106733E-04  6.712105962822532E-03
 2.000000000000000E+01 -2.056614782136386E+04  0.000000000000000E+00  5.182193161481822E-01  0.000000000000000E+00  4.940520888847545E-01  2-1  5.718531518631437E-04  6.106222529381234E-03
 2.000000000000000E+01 -2.075662277245310E+04  0.000000000000000E+00  5.167060142170404E-01  0.000000000000000E+00  4.926580035870674E-01  2-1  4.313284375916787E-04  5.406878348234901E-03
 2.000000000000000E+01 -2.092317092840606E+04  0.000000000000000E+00  5.153969073978637E-01  0.000000000000000E+00  4.912837575035310E-01  2-1  2.872491014950207E-04  4.609650227665025E-03
 2.000000000000000E+01 -2.107123813596181E+04  0.000000000000000E+00  5.142439241782565E-01  0.000000000000000E+00  4.900734035043633E-01  2-1  1.428275123641873E-04  3.712963420251065E-03
 2.000000000000000E+01 -2.120569654127522E+04  0.000000000000000E+00  5.132056339890585E-01  0.000000000000000E+00  4.889834494951276E-01  2-1  0.000000000000000E+00  0.000000000000000E+00
 2.000000000000000E+01 -2.133080589455956E+04  0.000000000000000E+00  5.122468933397931E-01  0.000000000000000E+00  4.879770032960247E-01  2-1  0.000000000000000E+00  0.000000000000000E+00
 2.000000000000000E+01 -2.145022493805954E+04  0.000000000000000E+00  5.113382907030999E-01  0.000000000000000E+00  4.870231899045769E-01  2-1  0.000000000000000E+00  0.000000000000000E+00
 2.000000000000000E+01 -2.156705677356729E+04  0.000000000000000E+00  5.104554737198046E-01  0.000000000000000E+00  4.860964452233935E-01  2-1  0.000000000000000E+00  0.000000000000000E+00
 2.000000000000000E+01 -2.168391299394749E+04  0.000000000000000E+00  5.095784387146185E-01  0.000000000000000E+00  4.851757702231981E-01  2-1  0.000000000000000E+00  0.000000000000000E+00
 2.000000000000000E+01 -2.180298495632743E+04  0.000000000000000E+00  5.086908412175393E-01  0.000000000000000E+00  4.842440071567701E-01  2-1  0.000000000000000E+00  0.000000000000000E+00
 2.000000000000000E+01 -2.192611452025039E+04  0.000000000000000E+00  5.077793630609100E-01  0.000000000000000E+00  4.832871751636678E-01  2-1  0.000000000000000E+00  0.000000000000000E+00
 2.000000000000000E+01 -2.205485983411794E+04  0.000000000000000E+00  5.068331531370569E-01  0.000000000000000E+00  4.822938832007735E-01  2-1  0.000000000000000E+00  0.000000000000000E+00
 2.000000000000000E+01 -2.219055407309984E+04  0.000000000000000E+00  5.058433463595899E-01  0.000000000000000E+00  4.812548250678039E-01  2-1  0.000000000000000E+00  0.000000000000000E+00
 2.000000000000000E+01 -2.233435651840456E+04  0.000000000000000E+00  5.048026578703935E-01  0.000000000000000E+00  4.801623534226259E-01  2-1  0.000000000000000E+00  0.000000000000000E+00
 2.000000000000000E+01 -2.248729623745545E+04  0.000000000000000E+00  5.037050456098870E-01  0.000000000000000E+00  4.790101255615022E-01  2-1  0.000000000000000E+00  0.000000000000000E+00
 2.000000000000000E+01 -2.265030908329628E+04  0.000000000000000E+00  5.025454327138563E-01  0.000000000000000E+00  4.777928120027885E-01  2-1  0.000000000000000E+00  0.000000000000000E+00
 2.000000000000000E+01 -2.282426893641140E+04  0.000000000000000E+00  5.013194808717296E-01  0.000000000000000E+00  4.765058585678454E-01  2-1  0.000000000000000E+00  0.000000000000000E+00
 2.000000000000000E+01 -2.301001416933163E+04  0.000000000000000E+00  5.000234061719198E-01  0.000000000000000E+00  4.751452930631113E-01  2-1  0.000000000000000E+00  0.000000000000000E+00
 2.000000000000000E+01 -2.320837029098170E+04  0.000000000000000E+00  4.986538297075631E-01  0.000000000000000E+00  4.737075684521972E-01  2-1  0.000000000000000E+00  0.000000000000000E+00
 2.000000000000000E+01 -2.342016966447834E+04  0.000000000000000E+00  4.972076561130971E-01  0.000000000000000E+00  4.721894353486218E-01  2-1  0.000000000000000E+00  0.000000000000000E+00
 2.000000000000000E+01 -2.364626911354599E+04  0.000000000000000E+00  4.956819741305324E-01  0.000000000000000E+00  4.705878376344031E-01  2-1  0.000000000000000E+00  0.000000000000000E+00
 2.000000000000000E+01 -2.388756615381012E+04  0.000000000000000E+00  4.940739741959043E-01  0.000000000000000E+00  4.688998259457320E-01  2-1  0.000000000000000E+00  0.000000000000000E+00
 2.000000000000000E+01 -2.414501451533330E+04  0.000000000000000E+00  4.923808788512204E-01  0.000000000000000E+00  4.671224846223184E-01  2-1  0.000000000000000E+00  0.000000000000000E+00
 2.000000000000000E+01 -2.441963956800596E+04  0.000000000000000E+00  4.905998825023047E-01  0.000000000000000E+00  4.652528684676724E-01  2-1  0.000000000000000E+00  0.000000000000000E+00
 2.000000000000000E+01 -2.471255422606930E+04  0.000000000000000E+00  4.887280976466736E-01  0.000000000000000E+00  4.632879463013579E-01  2-1  0.000000000000000E+00  0.000000000000000E+00
 2.000000000000000E+01 -2.502497589542208E+04  0.000000000000000E+00  4.867625051844345E-01  0.000000000000000E+00  4.612245487974329E-01  2-1  0.000000000000000E+00  0.000000000000000E+00
 2.000000000000000E+01 -2.535824504047259E+04  0.000000000000000E+00  4.846999068011366E-01  0.000000000000000E+00  4.590593184979389E-01  2-1  0.000000000000000E+00  0.000000000000000E+00
 2.000000000000000E+01 -2.571384598949262E+04  0.000000000000000E+00  4.825368776799450E-01  0.000000000000000E+00  4.567886601721027E-01  2-1  0.000000000000000E+00  0.000000000000000E+00
 2.000000000000000E+01 -2.609343067305673E+04  0.000000000000000E+00  4.802697179682818E-01  0.000000000000000E+00  4.544086898680263E-01  2-1  0.000000000000000E+00  0.000000000000000E+00
 2.000000000000000E+01 -2.649884610523970E+04  0.000000000000000E+00  4.778944014976788E-01  0.000000000000000E+00  4.519151810809141E-01  2-1  0.000000000000000E+00  0.000000000000000E+00
 2.000000000000000E+01 -2.693216658039269E+04  0.000000000000000E+00  4.754065202398022E-01  0.000000000000000E+00  4.493035064453099E-01  2-1  0.000000000000000E+00  0.000000000000000E+00
 2.000000000000000E+01 -2.739573178178060E+04  0.000000000000000E+00  4.728012228781447E-01  0.000000000000000E+00  4.465685732502044E-01  2-1  0.000000000000000E+00  0.000000000000000E+00
 2.000000000000000E+01 -2.789219229866116E+04  0.000000000000000E+00  4.700731456862924E-01  0.000000000000000E+00  4.437047508779051E-01  2-1  0.000000000000000E+00  0.000000000000000E+00
 2.000000000000000E+01 -2.974523388003835E+04  0.000000000000000E+00  5.375992190299677E-01  0.000000000000000E+00  4.845030312485704E-01  2-1  0.000000000000000E+00  0.000000000000000E+00
 2.000000000000000E+01 -3.167738535096769E+04  0.000000000000000E+00  5.276072573554664E-01  0.000000000000000E+00  4.733637205746560E-01  2-1  0.000000000000000E+00  0.000000000000000E+00
 2.000000000000000E+01 -3.363217294046437E+04  0.000000000000000E+00  5.182555899639101E-01  0.000000000000000E+00  4.629382273845151E-01  2-1  0.000000000000000E+00  0.000000000000000E+00
 2.000000000000000E+01 -3.562969178311391E+04  0.000000000000000E+00  5.093912240435789E-01  0.000000000000000E+00  4.530559911299653E-01  2-1  0.000000000000000E+00  0.000000000000000E+00
 2.000000000000000E+01 -3.769326892274513E+04  0.000000000000000E+00  5.008814862164037E-01  0.000000000000000E+00  4.435691039201825E-01  2-1  0.000000000000000E+00  0.000000000000000E+00
 2.000000000000000E+01 -3.985028875418239E+04  0.000000000000000E+00  4.926084920087010E-01  0.000000000000000E+00  4.343461449372363E-01  2-1  0.000000000000000E+00  0.000000000000000E+00
 2.000000000000000E+01 -4.213337670317380E+04  0.000000000000000E+00  4.844646534051838E-01  0.000000000000000E+00  4.252671721350990E-01  2-1  0.000000000000000E+00  0.000000000000000E+00
