 Welcome to ...


                           STOMP
        Subsurface Transport Over Multiple Phases


 This file was produced by STOMP, a numericalsimulator
 developed by the Pacific Northwest Laboratory, with
 support from the VOC-Arid Integrated Demonstration Project,
 Office of Technology Development, U.S. Department of Energy.
 Results from this version of STOMP should not be used for
 license related applications.

 For inquiries or assistance:  Call (509) 372-6070

                       ---  RESTART  ---


Version: 3.2                                                             
Date: 
Time: 

 6.355700640000000E+10 3.155760000000000E+07 3.155760000000000E+07 1.000000000000000E+20 1.250000000000000E+00 1.000000000000000E-06 2.000000000000000E-01        8     2103       75        0        1        0        0
 2.000000000000000E+01  4.836328962682209E+04  0.000000000000000E+00  1.000000000000000E+00  0.000000000000000E+00  1.000000000000000E+00  2 1
 2.000000000000000E+01  4.591453194933130E+04  0.000000000000000E+00  1.000000000000000E+00  0.000000000000000E+00  1.000000000000000E+00  2 1
 2.000000000000000E+01  4.346577555100541E+04  0.000000000000000E+00  1.000000000000000E+00  0.000000000000000E+00  1.000000000000000E+00  2 1
 2.000000000000000E+01  4.101702046412217E+04  0.000000000000000E+00  1.000000000000000E+00  0.000000000000000E+00  1.000000000000000E+00  2 1
 2.000000000000000E+01  3.856826675374539E+04  0.000000000000000E+00  1.000000000000000E+00  0.000000000000000E+00  1.000000000000000E+00  2 1
 2.000000000000000E+01  3.611951451935154E+04  0.000000000000000E+00  1.000000000000000E+00  0.000000000000000E+00  1.000000000000000E+00  2 1
 2.000000000000000E+01  3.367076389731670E+04  0.000000000000000E+00  1.000000000000000E+00  0.000000000000000E+00  1.000000000000000E+00  2 1
 2.000000000000000E+01  3.122201506432594E+04  0.000000000000000E+00  1.000000000000000E+00  0.000000000000000E+00  1.000000000000000E+00  2 1
 2.000000000000000E+01  2.877326824179049E+04  0.000000000000000E+00  1.000000000000000E+00  0.000000000000000E+00  1.000000000000000E+00  2 1
 2.000000000000000E+01  2.632452370138299E+04  0.000000000000000E+00  1.000000000000000E+00  0.000000000000000E+00  1.000000000000000E+00  2 1
 2.000000000000000E+01  2.387578177182936E+04  0.000000000000000E+00  1.000000000000000E+00  0.000000000000000E+00  1.000000000000000E+00  2 1
 2.000000000000000E+01  2.142704284712695E+04  0.000000000000000E+00  1.000000000000000E+00  0.000000000000000E+00  1.000000000000000E+00  2 1
 2.000000000000000E+01  1.897830739639446E+04  0.000000000000000E+00  1.000000000000000E+00  0.000000000000000E+00  1.000000000000000E+00  2 1
 2.000000000000000E+01  1.652957597559999E+04  0.000000000000000E+00  1.000000000000000E+00  0.000000000000000E+00  1.000000000000000E+00  2 1
 2.000000000000000E+01  1.408084924146020E+04  0.000000000000000E+00  1.000000000000000E+00  0.000000000000000E+00  1.000000000000000E+00  2 1
 2.000000000000000E+01  1.163212796785830E+04  0.000000000000000E+00  1.000000000000000E+00  0.000000000000000E+00  1.000000000000000E+00  2 1
 2.000000000000000E+01  9.183413065194749E+03  0.000000000000000E+00  1.000000000000000E+00  0.000000000000000E+00  1.000000000000000E+00  2 1
 2.000000000000000E+01  6.734705603141527E+03  0.000000000000000E+00  1.000000000000000E+00  0.000000000000000E+00  1.000000000000000E+00  2 1
 2.000000000000000E+01  4.286006837385979E+03  0.000000000000000E+00  1.000000000000000E+00  0.000000000000000E+00  1.000000000000000E+00  2 1
 2.000000000000000E+01  1.837318241023434E+03  0.000000000000000E+00  1.000000000000000E+00  0.000000000000000E+00  9.950236323485574E-01  2 1
 2.000000000000000E+01 -6.097038810739433E+02  0.000000000000000E+00  9.766916325361896E-01  0.000000000000000E+00  5.547926353977300E-01  2 1
 2.000000000000000E+01 -3.035374479209240E+03  0.000000000000000E+00  8.505185121789142E-01  0.000000000000000E+00  5.544772525907716E-01  2 1
 2.000000000000000E+01 -5.409325645152056E+03  0.000000000000000E+00  7.578124964460836E-01  0.000000000000000E+00  5.541624063712667E-01  2 1
 2.000000000000000E+01 -7.686953344477287E+03  0.000000000000000E+00  6.940240566627242E-01  0.000000000000000E+00  5.538476039894977E-01  2 1
 2.000000000000000E+01 -9.818859187473863E+03  0.000000000000000E+00  6.486836462361373E-01  0.000000000000000E+00  5.535317955715086E-01  2 1
 2.000000000000000E+01 -1.176025379862477E+04  0.000000000000000E+00  6.155522275172512E-01  0.000000000000000E+00  5.532127754351438E-01  2 1
 2.000000000000000E+01 -1.347900394936163E+04  0.000000000000000E+00  5.909196410053006E-01  0.000000000000000E+00  5.528883204382486E-01  2 1
 2.000000000000000E+01 -1.495993834121185E+04  0.000000000000000E+00  5.724269763565525E-01  0.000000000000000E+00  5.511515603155075E-01  2 1
 2.000000000000000E+01 -1.620477076513361E+04  0.000000000000000E+00  5.584750059237642E-01  0.000000000000000E+00  5.365053599871553E-01  2 1
 2.000000000000000E+01 -1.722872309096530E+04  0.000000000000000E+00  5.479260916953769E-01  0.000000000000000E+00  5.254315470243300E-01  2 1
 2.000000000000000E+01 -1.805569100033309E+04  0.000000000000000E+00  5.399451428375666E-01  0.000000000000000E+00  5.170534776795785E-01  2 1
 2.000000000000000E+01 -1.871355850181225E+04  0.000000000000000E+00  5.339078363026489E-01  0.000000000000000E+00  5.107157634921782E-01  2 1
 2.000000000000000E+01 -1.923056370765766E+04  0.000000000000000E+00  5.293429651263354E-01  0.000000000000000E+00  5.059237509199406E-01  2 1
 2.000000000000000E+01 -1.963295481322552E+04  0.000000000000000E+00  5.258933884020658E-01  0.000000000000000E+00  5.023025282406737E-01  2 1
 2.000000000000000E+01 -1.994377271052977E+04  0.000000000000000E+00  5.232880712079373E-01  0.000000000000000E+00  4.995675742262622E-01  2-1
 2.000000000000000E+01 -2.018244607783486E+04  0.000000000000000E+00  5.213213611780680E-01  0.000000000000000E+00  4.975030035461557E-01  2-1
 2.000000000000000E+01 -2.036488959834624E+04  0.000000000000000E+00  5.198373427447625E-01  0.000000000000000E+00  4.959451424992257E-01  2-1
 2.000000000000000E+01 -2.050386563819120E+04  0.000000000000000E+00  5.187179273212876E-01  0.000000000000000E+00  4.947700265812383E-01  2-1
 2.000000000000000E+01 -2.060944921414170E+04  0.000000000000000E+00  5.178737642278397E-01  0.000000000000000E+00  4.938838591516267E-01  2-1
 2.000000000000000E+01 -2.068950151960684E+04  0.000000000000000E+00  5.172373061402120E-01  0.000000000000000E+00  4.932157318289019E-01  2-1
 2.000000000000000E+01 -2.075010311985231E+04  0.000000000000000E+00  5.167575260696571E-01  0.000000000000000E+00  4.927120785950631E-01  2-1
 2.000000000000000E+01 -2.079592667404123E+04  0.000000000000000E+00  5.163958998493837E-01  0.000000000000000E+00  4.923324583764261E-01  2 1
 2.000000000000000E+01 -2.083054538599143E+04  0.000000000000000E+00  5.161233563913863E-01  0.000000000000000E+00  4.920463535496390E-01  2 1
 2.000000000000000E+01 -2.085668167276277E+04  0.000000000000000E+00  5.159179661994220E-01  0.000000000000000E+00  4.918307434384022E-01  2 1
 2.000000000000000E+01 -2.087640401455429E+04  0.000000000000000E+00  5.157631917083128E-01  0.000000000000000E+00  4.916682675921821E-01  2 1
 2.000000000000000E+01 -2.089128077032711E+04  0.000000000000000E+00  5.156465642869426E-01  0.000000000000000E+00  4.915458369587890E-01  2 1
 2.000000000000000E+01 -2.090249923996755E+04  0.000000000000000E+00  5.155586846945064E-01  0.000000000000000E+00  4.914535846047725E-01  2 1
 2.000000000000000E+01 -2.091095719164233E+04  0.000000000000000E+00  5.154924684018209E-01  0.000000000000000E+00  4.913840734850102E-01  2 1
 2.000000000000000E+01 -2.091733286492172E+04  0.000000000000000E+00  5.154425760780913E-01  0.000000000000000E+00  4.913316985913198E-01  2 1
 2.000000000000000E+01 -2.092213830965900E+04  0.000000000000000E+00  5.154049839775913E-01  0.000000000000000E+00  4.912922359621994E-01  2 1
 2.000000000000000E+01 -2.092575991339527E+04  0.000000000000000E+00  5.153766599557572E-01  0.000000000000000E+00  4.912625025779521E-01  2-1
 2.000000000000000E+01 -2.092848912984502E+04  0.000000000000000E+00  5.153553191984073E-01  0.000000000000000E+00  4.912400999353426E-01  2-1
 2.000000000000000E+01 -2.093054574107288E+04  0.000000000000000E+00  5.153392400828674E-01  0.000000000000000E+00  4.912232207462391E-01  2-1
 2.000000000000000E+01 -2.093209544674177E+04  0.000000000000000E+00  5.153271253863395E-01  0.000000000000000E+00  4.912105032399113E-01  2-1
 2.000000000000000E+01 -2.093326315211276E+04  0.000000000000000E+00  5.153179976842441E-01  0.000000000000000E+00  4.912009213565442E-01  2-1
 2.000000000000000E+01 -2.093414299994017E+04  0.000000000000000E+00  5.153111205219967E-01  0.000000000000000E+00  4.911937019966373E-01  2-1
 2.000000000000000E+01 -2.093480594035250E+04  0.000000000000000E+00  5.153059390130685E-01  0.000000000000000E+00  4.911882626633094E-01  2-1
 2.000000000000000E+01 -2.093530544079410E+04  0.000000000000000E+00  5.153020350778383E-01  0.000000000000000E+00  4.911841644739012E-01  2 1
 2.000000000000000E+01 -2.255432902321814E+04  0.000000000000000E+00  5.833972470996157E-01  0.000000000000000E+00  5.355599187286685E-01  2 1
 2.000000000000000E+01 -2.412645921423078E+04  0.000000000000000E+00  5.719830623145156E-01  0.000000000000000E+00  5.228350750440529E-01  2 1
 2.000000000000000E+01 -2.554645724696324E+04  0.000000000000000E+00  5.624232022668640E-01  0.000000000000000E+00  5.121774830176855E-01  2 1
 2.000000000000000E+01 -2.681614891780282E+04  0.000000000000000E+00  5.544113225209194E-01  0.000000000000000E+00  5.032456215394865E-01  2 1
 2.000000000000000E+01 -2.794089116060898E+04  0.000000000000000E+00  5.476964021958266E-01  0.000000000000000E+00  4.957596457032626E-01  2-1
 2.000000000000000E+01 -2.892879850403716E+04  0.000000000000000E+00  5.420702842278283E-01  0.000000000000000E+00  4.894874963520940E-01  2 1
 2.000000000000000E+01 -2.978991895605909E+04  0.000000000000000E+00  5.373589678646535E-01  0.000000000000000E+00  4.842351927142179E-01  2 1
 2.000000000000000E+01 -3.053545406287923E+04  0.000000000000000E+00  5.334162866952862E-01  0.000000000000000E+00  4.798397844986467E-01  2-1
 2.000000000000000E+01 -3.117708475545259E+04  0.000000000000000E+00  5.301191326518042E-01  0.000000000000000E+00  4.761640274825018E-01  2 1
 2.000000000000000E+01 -3.172643295171702E+04  0.000000000000000E+00  5.273637117172284E-01  0.000000000000000E+00  4.730922092722724E-01  2 1
 2.000000000000000E+01 -3.219466395596380E+04  0.000000000000000E+00  5.250625163590734E-01  0.000000000000000E+00  4.705267740903828E-01  2 1
 2.000000000000000E+01 -3.259221816095553E+04  0.000000000000000E+00  5.231418203032469E-01  0.000000000000000E+00  4.683855298809886E-01  2 1
 2.000000000000000E+01 -3.292865170892895E+04  0.000000000000000E+00  5.215395731817638E-01  0.000000000000000E+00  4.665993012059796E-01  2 1
 2.000000000000000E+01 -3.321256277427496E+04  0.000000000000000E+00  5.202036149055608E-01  0.000000000000000E+00  4.651099385792204E-01  2 1
 2.000000000000000E+01 -3.345158095567098E+04  0.000000000000000E+00  5.190901543272249E-01  0.000000000000000E+00  4.638686224383778E-01  2 1
 2.000000000000000E+01 -3.365240016855759E+04  0.000000000000000E+00  5.181624712671331E-01  0.000000000000000E+00  4.628344161283535E-01  2 1
 2.000000000000000E+01 -3.382083914829696E+04  0.000000000000000E+00  5.173898097281510E-01  0.000000000000000E+00  4.619730320269241E-01  2-1
